## ENSEMBL VARIANT EFFECT PREDICTOR v115.2
## Output produced at 2026-06-04 09:34:54
## Connected to homo_sapiens_core_115_37 on ensembldb.ensembl.org
## Using API version 115, DB version 115
## ensembl version 115.266b84d
## ensembl-compara version 115.ae48a7a
## ensembl-funcgen version 115.57f7061
## ensembl-io version 115.25061d3
## ensembl-variation version 115.b7c2637
## assembly version GRCh37.p13
## gencode version GENCODE 19
## genebuild version 2011-04
## Column descriptions:
## Uploaded_variation : Identifier of uploaded variant
## Location : Location of variant in standard coordinate format (chr:start or chr:start-end)
## Allele : The variant allele used to calculate the consequence
## Gene : Stable ID of affected gene
## Feature : Stable ID of feature
## Feature_type : Type of feature - Transcript, RegulatoryFeature or MotifFeature
## Consequence : Consequence type
## cDNA_position : Relative position of base pair in cDNA sequence
## CDS_position : Relative position of base pair in coding sequence
## Protein_position : Relative position of amino acid in protein
## Amino_acids : Reference and variant amino acids
## Codons : Reference and variant codon sequence
## Existing_variation : Identifier(s) of co-located known variants
## IMPACT : Subjective impact classification of consequence type
## DISTANCE : Shortest distance from variant to transcript
## STRAND : Strand of the feature (1/-1)
## FLAGS : Transcript quality flags
## SYMBOL : Gene symbol (e.g. HGNC)
## SYMBOL_SOURCE : Source of gene symbol
## HGNC_ID : Stable identifer of HGNC gene symbol
## CANONICAL : Indicates if transcript is canonical for this gene
## ENSP : Protein identifer
## VEP command-line: vep --assembly GRCh37 --canonical --input_file [PATH]/FFAR2_variants.vcf --output_file [PATH]/FFAR2_annotated.csv --protein --symbol --tab
#Uploaded_variation	Location	Allele	Gene	Feature	Feature_type	Consequence	cDNA_position	CDS_position	Protein_position	Amino_acids	Codons	Existing_variation	IMPACT	DISTANCE	STRAND	FLAGS	SYMBOL	SYMBOL_SOURCE	HGNC_ID	CANONICAL	ENSP
ffar2_g37_59966398	19:35934814	T	ENSG00000126262	ENST00000599180	Transcript	upstream_gene_variant	-	-	-	-	-	-	MODIFIER	4389	1	-	FFAR2	HGNC	4501	YES	ENSP00000473159
ffar2_g37_59966398	19:35934814	T	ENSG00000126262	ENST00000601590	Transcript	non_coding_transcript_exon_variant	6	-	-	-	-	-	MODIFIER	-	1	-	FFAR2	HGNC	4501	-	-
ffar2_g37_59966399	19:35934815	G	ENSG00000126262	ENST00000599180	Transcript	upstream_gene_variant	-	-	-	-	-	-	MODIFIER	4388	1	-	FFAR2	HGNC	4501	YES	ENSP00000473159
ffar2_g37_59966399	19:35934815	G	ENSG00000126262	ENST00000601590	Transcript	non_coding_transcript_exon_variant	7	-	-	-	-	-	MODIFIER	-	1	-	FFAR2	HGNC	4501	-	-
ffar2_g37_59966400	19:35934882	C	ENSG00000126262	ENST00000599180	Transcript	upstream_gene_variant	-	-	-	-	-	-	MODIFIER	4321	1	-	FFAR2	HGNC	4501	YES	ENSP00000473159
ffar2_g37_59966400	19:35934882	C	ENSG00000126262	ENST00000601590	Transcript	intron_variant,non_coding_transcript_variant	-	-	-	-	-	-	MODIFIER	-	1	-	FFAR2	HGNC	4501	-	-
ffar2_g37_59966401	19:35934925	C	ENSG00000126262	ENST00000599180	Transcript	upstream_gene_variant	-	-	-	-	-	-	MODIFIER	4278	1	-	FFAR2	HGNC	4501	YES	ENSP00000473159
ffar2_g37_59966401	19:35934925	C	ENSG00000126262	ENST00000601590	Transcript	intron_variant,non_coding_transcript_variant	-	-	-	-	-	-	MODIFIER	-	1	-	FFAR2	HGNC	4501	-	-
ffar2_g37_59966402	19:35934971	C	ENSG00000126262	ENST00000599180	Transcript	upstream_gene_variant	-	-	-	-	-	-	MODIFIER	4232	1	-	FFAR2	HGNC	4501	YES	ENSP00000473159
ffar2_g37_59966402	19:35934971	C	ENSG00000126262	ENST00000601590	Transcript	intron_variant,non_coding_transcript_variant	-	-	-	-	-	-	MODIFIER	-	1	-	FFAR2	HGNC	4501	-	-
ffar2_g37_59966403	19:35934979	C	ENSG00000126262	ENST00000599180	Transcript	upstream_gene_variant	-	-	-	-	-	-	MODIFIER	4224	1	-	FFAR2	HGNC	4501	YES	ENSP00000473159
ffar2_g37_59966403	19:35934979	C	ENSG00000126262	ENST00000601590	Transcript	intron_variant,non_coding_transcript_variant	-	-	-	-	-	-	MODIFIER	-	1	-	FFAR2	HGNC	4501	-	-
ffar2_g37_59966404	19:35935003	T	ENSG00000126262	ENST00000599180	Transcript	upstream_gene_variant	-	-	-	-	-	-	MODIFIER	4200	1	-	FFAR2	HGNC	4501	YES	ENSP00000473159
ffar2_g37_59966404	19:35935003	T	ENSG00000126262	ENST00000601590	Transcript	intron_variant,non_coding_transcript_variant	-	-	-	-	-	-	MODIFIER	-	1	-	FFAR2	HGNC	4501	-	-
ffar2_g37_59966405	19:35935005	C	ENSG00000126262	ENST00000599180	Transcript	upstream_gene_variant	-	-	-	-	-	-	MODIFIER	4198	1	-	FFAR2	HGNC	4501	YES	ENSP00000473159
ffar2_g37_59966405	19:35935005	C	ENSG00000126262	ENST00000601590	Transcript	intron_variant,non_coding_transcript_variant	-	-	-	-	-	-	MODIFIER	-	1	-	FFAR2	HGNC	4501	-	-
ffar2_g37_59966406	19:35935009	C	ENSG00000126262	ENST00000599180	Transcript	upstream_gene_variant	-	-	-	-	-	-	MODIFIER	4194	1	-	FFAR2	HGNC	4501	YES	ENSP00000473159
ffar2_g37_59966406	19:35935009	C	ENSG00000126262	ENST00000601590	Transcript	intron_variant,non_coding_transcript_variant	-	-	-	-	-	-	MODIFIER	-	1	-	FFAR2	HGNC	4501	-	-
ffar2_g37_59966407	19:35935027	C	ENSG00000126262	ENST00000599180	Transcript	upstream_gene_variant	-	-	-	-	-	-	MODIFIER	4176	1	-	FFAR2	HGNC	4501	YES	ENSP00000473159
ffar2_g37_59966407	19:35935027	C	ENSG00000126262	ENST00000601590	Transcript	intron_variant,non_coding_transcript_variant	-	-	-	-	-	-	MODIFIER	-	1	-	FFAR2	HGNC	4501	-	-
ffar2_g37_59966408	19:35935029	G	ENSG00000126262	ENST00000599180	Transcript	upstream_gene_variant	-	-	-	-	-	-	MODIFIER	4174	1	-	FFAR2	HGNC	4501	YES	ENSP00000473159
ffar2_g37_59966408	19:35935029	G	ENSG00000126262	ENST00000601590	Transcript	intron_variant,non_coding_transcript_variant	-	-	-	-	-	-	MODIFIER	-	1	-	FFAR2	HGNC	4501	-	-
ffar2_g37_59966409	19:35935030	G	ENSG00000126262	ENST00000599180	Transcript	upstream_gene_variant	-	-	-	-	-	-	MODIFIER	4173	1	-	FFAR2	HGNC	4501	YES	ENSP00000473159
ffar2_g37_59966409	19:35935030	G	ENSG00000126262	ENST00000601590	Transcript	intron_variant,non_coding_transcript_variant	-	-	-	-	-	-	MODIFIER	-	1	-	FFAR2	HGNC	4501	-	-
ffar2_g37_59966410	19:35935041	G	ENSG00000126262	ENST00000599180	Transcript	upstream_gene_variant	-	-	-	-	-	-	MODIFIER	4162	1	-	FFAR2	HGNC	4501	YES	ENSP00000473159
ffar2_g37_59966410	19:35935041	G	ENSG00000126262	ENST00000601590	Transcript	intron_variant,non_coding_transcript_variant	-	-	-	-	-	-	MODIFIER	-	1	-	FFAR2	HGNC	4501	-	-
ffar2_g37_59966411	19:35935065	G	ENSG00000126262	ENST00000599180	Transcript	upstream_gene_variant	-	-	-	-	-	-	MODIFIER	4138	1	-	FFAR2	HGNC	4501	YES	ENSP00000473159
ffar2_g37_59966411	19:35935065	G	ENSG00000126262	ENST00000601590	Transcript	intron_variant,non_coding_transcript_variant	-	-	-	-	-	-	MODIFIER	-	1	-	FFAR2	HGNC	4501	-	-
ffar2_g37_59966412	19:35935137	-	ENSG00000126262	ENST00000599180	Transcript	upstream_gene_variant	-	-	-	-	-	-	MODIFIER	4066	1	-	FFAR2	HGNC	4501	YES	ENSP00000473159
ffar2_g37_59966412	19:35935137	-	ENSG00000126262	ENST00000601590	Transcript	intron_variant,non_coding_transcript_variant	-	-	-	-	-	-	MODIFIER	-	1	-	FFAR2	HGNC	4501	-	-
ffar2_g37_59966413	19:35935168	G	ENSG00000126262	ENST00000599180	Transcript	upstream_gene_variant	-	-	-	-	-	-	MODIFIER	4035	1	-	FFAR2	HGNC	4501	YES	ENSP00000473159
ffar2_g37_59966413	19:35935168	G	ENSG00000126262	ENST00000601590	Transcript	intron_variant,non_coding_transcript_variant	-	-	-	-	-	-	MODIFIER	-	1	-	FFAR2	HGNC	4501	-	-
ffar2_g37_59966414	19:35935178	C	ENSG00000126262	ENST00000599180	Transcript	upstream_gene_variant	-	-	-	-	-	-	MODIFIER	4025	1	-	FFAR2	HGNC	4501	YES	ENSP00000473159
ffar2_g37_59966414	19:35935178	C	ENSG00000126262	ENST00000601590	Transcript	intron_variant,non_coding_transcript_variant	-	-	-	-	-	-	MODIFIER	-	1	-	FFAR2	HGNC	4501	-	-
ffar2_g37_59966415	19:35935188	C	ENSG00000126262	ENST00000599180	Transcript	upstream_gene_variant	-	-	-	-	-	-	MODIFIER	4015	1	-	FFAR2	HGNC	4501	YES	ENSP00000473159
ffar2_g37_59966415	19:35935188	C	ENSG00000126262	ENST00000601590	Transcript	intron_variant,non_coding_transcript_variant	-	-	-	-	-	-	MODIFIER	-	1	-	FFAR2	HGNC	4501	-	-
ffar2_g37_59966416	19:35935189	G	ENSG00000126262	ENST00000599180	Transcript	upstream_gene_variant	-	-	-	-	-	-	MODIFIER	4014	1	-	FFAR2	HGNC	4501	YES	ENSP00000473159
ffar2_g37_59966416	19:35935189	G	ENSG00000126262	ENST00000601590	Transcript	intron_variant,non_coding_transcript_variant	-	-	-	-	-	-	MODIFIER	-	1	-	FFAR2	HGNC	4501	-	-
ffar2_g37_59966417	19:35935210	G	ENSG00000126262	ENST00000599180	Transcript	upstream_gene_variant	-	-	-	-	-	-	MODIFIER	3993	1	-	FFAR2	HGNC	4501	YES	ENSP00000473159
ffar2_g37_59966417	19:35935210	G	ENSG00000126262	ENST00000601590	Transcript	intron_variant,non_coding_transcript_variant	-	-	-	-	-	-	MODIFIER	-	1	-	FFAR2	HGNC	4501	-	-
ffar2_g37_59966418	19:35935238-35935239	CT	ENSG00000126262	ENST00000599180	Transcript	upstream_gene_variant	-	-	-	-	-	-	MODIFIER	3964	1	-	FFAR2	HGNC	4501	YES	ENSP00000473159
ffar2_g37_59966418	19:35935238-35935239	CT	ENSG00000126262	ENST00000601590	Transcript	intron_variant,non_coding_transcript_variant	-	-	-	-	-	-	MODIFIER	-	1	-	FFAR2	HGNC	4501	-	-
ffar2_g37_59966419	19:35935257	G	ENSG00000126262	ENST00000599180	Transcript	upstream_gene_variant	-	-	-	-	-	-	MODIFIER	3946	1	-	FFAR2	HGNC	4501	YES	ENSP00000473159
ffar2_g37_59966419	19:35935257	G	ENSG00000126262	ENST00000601590	Transcript	intron_variant,non_coding_transcript_variant	-	-	-	-	-	-	MODIFIER	-	1	-	FFAR2	HGNC	4501	-	-
ffar2_g37_59966420	19:35935265	C	ENSG00000126262	ENST00000599180	Transcript	upstream_gene_variant	-	-	-	-	-	-	MODIFIER	3938	1	-	FFAR2	HGNC	4501	YES	ENSP00000473159
ffar2_g37_59966420	19:35935265	C	ENSG00000126262	ENST00000601590	Transcript	intron_variant,non_coding_transcript_variant	-	-	-	-	-	-	MODIFIER	-	1	-	FFAR2	HGNC	4501	-	-
ffar2_g37_59966421	19:35935269-35935270	C	ENSG00000126262	ENST00000599180	Transcript	upstream_gene_variant	-	-	-	-	-	-	MODIFIER	3933	1	-	FFAR2	HGNC	4501	YES	ENSP00000473159
ffar2_g37_59966421	19:35935269-35935270	C	ENSG00000126262	ENST00000601590	Transcript	intron_variant,non_coding_transcript_variant	-	-	-	-	-	-	MODIFIER	-	1	-	FFAR2	HGNC	4501	-	-
ffar2_g37_59966422	19:35935274	C	ENSG00000126262	ENST00000599180	Transcript	upstream_gene_variant	-	-	-	-	-	-	MODIFIER	3929	1	-	FFAR2	HGNC	4501	YES	ENSP00000473159
ffar2_g37_59966422	19:35935274	C	ENSG00000126262	ENST00000601590	Transcript	intron_variant,non_coding_transcript_variant	-	-	-	-	-	-	MODIFIER	-	1	-	FFAR2	HGNC	4501	-	-
ffar2_g37_59966423	19:35935275	G	ENSG00000126262	ENST00000599180	Transcript	upstream_gene_variant	-	-	-	-	-	-	MODIFIER	3928	1	-	FFAR2	HGNC	4501	YES	ENSP00000473159
ffar2_g37_59966423	19:35935275	G	ENSG00000126262	ENST00000601590	Transcript	intron_variant,non_coding_transcript_variant	-	-	-	-	-	-	MODIFIER	-	1	-	FFAR2	HGNC	4501	-	-
ffar2_g37_59966424	19:35935301-35935302	GGAC	ENSG00000126262	ENST00000599180	Transcript	upstream_gene_variant	-	-	-	-	-	-	MODIFIER	3901	1	-	FFAR2	HGNC	4501	YES	ENSP00000473159
ffar2_g37_59966424	19:35935301-35935302	GGAC	ENSG00000126262	ENST00000601590	Transcript	intron_variant,non_coding_transcript_variant	-	-	-	-	-	-	MODIFIER	-	1	-	FFAR2	HGNC	4501	-	-
ffar2_g37_59966425	19:35935338	C	ENSG00000126262	ENST00000599180	Transcript	upstream_gene_variant	-	-	-	-	-	-	MODIFIER	3865	1	-	FFAR2	HGNC	4501	YES	ENSP00000473159
ffar2_g37_59966425	19:35935338	C	ENSG00000126262	ENST00000601590	Transcript	intron_variant,non_coding_transcript_variant	-	-	-	-	-	-	MODIFIER	-	1	-	FFAR2	HGNC	4501	-	-
ffar2_g37_59966426	19:35935346-35935347	TTTCTTTC	ENSG00000126262	ENST00000599180	Transcript	upstream_gene_variant	-	-	-	-	-	-	MODIFIER	3856	1	-	FFAR2	HGNC	4501	YES	ENSP00000473159
ffar2_g37_59966426	19:35935346-35935347	TTTCTTTC	ENSG00000126262	ENST00000601590	Transcript	intron_variant,non_coding_transcript_variant	-	-	-	-	-	-	MODIFIER	-	1	-	FFAR2	HGNC	4501	-	-
ffar2_g37_59966427	19:35935354	G	ENSG00000126262	ENST00000599180	Transcript	upstream_gene_variant	-	-	-	-	-	-	MODIFIER	3849	1	-	FFAR2	HGNC	4501	YES	ENSP00000473159
ffar2_g37_59966427	19:35935354	G	ENSG00000126262	ENST00000601590	Transcript	intron_variant,non_coding_transcript_variant	-	-	-	-	-	-	MODIFIER	-	1	-	FFAR2	HGNC	4501	-	-
ffar2_g37_59966428	19:35935410	G	ENSG00000126262	ENST00000599180	Transcript	upstream_gene_variant	-	-	-	-	-	-	MODIFIER	3793	1	-	FFAR2	HGNC	4501	YES	ENSP00000473159
ffar2_g37_59966428	19:35935410	G	ENSG00000126262	ENST00000601590	Transcript	intron_variant,non_coding_transcript_variant	-	-	-	-	-	-	MODIFIER	-	1	-	FFAR2	HGNC	4501	-	-
ffar2_g37_59966429	19:35935427	C	ENSG00000126262	ENST00000599180	Transcript	upstream_gene_variant	-	-	-	-	-	-	MODIFIER	3776	1	-	FFAR2	HGNC	4501	YES	ENSP00000473159
ffar2_g37_59966429	19:35935427	C	ENSG00000126262	ENST00000601590	Transcript	intron_variant,non_coding_transcript_variant	-	-	-	-	-	-	MODIFIER	-	1	-	FFAR2	HGNC	4501	-	-
ffar2_g37_59966430	19:35935435	C	ENSG00000126262	ENST00000599180	Transcript	upstream_gene_variant	-	-	-	-	-	-	MODIFIER	3768	1	-	FFAR2	HGNC	4501	YES	ENSP00000473159
ffar2_g37_59966430	19:35935435	C	ENSG00000126262	ENST00000601590	Transcript	intron_variant,non_coding_transcript_variant	-	-	-	-	-	-	MODIFIER	-	1	-	FFAR2	HGNC	4501	-	-
ffar2_g37_59966431	19:35935444	C	ENSG00000126262	ENST00000599180	Transcript	upstream_gene_variant	-	-	-	-	-	-	MODIFIER	3759	1	-	FFAR2	HGNC	4501	YES	ENSP00000473159
ffar2_g37_59966431	19:35935444	C	ENSG00000126262	ENST00000601590	Transcript	intron_variant,non_coding_transcript_variant	-	-	-	-	-	-	MODIFIER	-	1	-	FFAR2	HGNC	4501	-	-
ffar2_g37_59966432	19:35935447	G	ENSG00000126262	ENST00000599180	Transcript	upstream_gene_variant	-	-	-	-	-	-	MODIFIER	3756	1	-	FFAR2	HGNC	4501	YES	ENSP00000473159
ffar2_g37_59966432	19:35935447	G	ENSG00000126262	ENST00000601590	Transcript	intron_variant,non_coding_transcript_variant	-	-	-	-	-	-	MODIFIER	-	1	-	FFAR2	HGNC	4501	-	-
ffar2_g37_59966433	19:35935449	G	ENSG00000126262	ENST00000599180	Transcript	upstream_gene_variant	-	-	-	-	-	-	MODIFIER	3754	1	-	FFAR2	HGNC	4501	YES	ENSP00000473159
ffar2_g37_59966433	19:35935449	G	ENSG00000126262	ENST00000601590	Transcript	intron_variant,non_coding_transcript_variant	-	-	-	-	-	-	MODIFIER	-	1	-	FFAR2	HGNC	4501	-	-
ffar2_g37_59966434	19:35935515	G	ENSG00000126262	ENST00000599180	Transcript	upstream_gene_variant	-	-	-	-	-	-	MODIFIER	3688	1	-	FFAR2	HGNC	4501	YES	ENSP00000473159
ffar2_g37_59966434	19:35935515	G	ENSG00000126262	ENST00000601590	Transcript	intron_variant,non_coding_transcript_variant	-	-	-	-	-	-	MODIFIER	-	1	-	FFAR2	HGNC	4501	-	-
ffar2_g37_59966435	19:35935569	G	ENSG00000126262	ENST00000599180	Transcript	upstream_gene_variant	-	-	-	-	-	-	MODIFIER	3634	1	-	FFAR2	HGNC	4501	YES	ENSP00000473159
ffar2_g37_59966435	19:35935569	G	ENSG00000126262	ENST00000601590	Transcript	intron_variant,non_coding_transcript_variant	-	-	-	-	-	-	MODIFIER	-	1	-	FFAR2	HGNC	4501	-	-
ffar2_g37_59966436	19:35935604	G	ENSG00000126262	ENST00000599180	Transcript	upstream_gene_variant	-	-	-	-	-	-	MODIFIER	3599	1	-	FFAR2	HGNC	4501	YES	ENSP00000473159
ffar2_g37_59966436	19:35935604	G	ENSG00000126262	ENST00000601590	Transcript	intron_variant,non_coding_transcript_variant	-	-	-	-	-	-	MODIFIER	-	1	-	FFAR2	HGNC	4501	-	-
ffar2_g37_59966437	19:35935617	G	ENSG00000126262	ENST00000246549	Transcript	upstream_gene_variant	-	-	-	-	-	-	MODIFIER	5000	1	-	FFAR2	HGNC	4501	-	ENSP00000246549
ffar2_g37_59966437	19:35935617	G	ENSG00000126262	ENST00000599180	Transcript	upstream_gene_variant	-	-	-	-	-	-	MODIFIER	3586	1	-	FFAR2	HGNC	4501	YES	ENSP00000473159
ffar2_g37_59966437	19:35935617	G	ENSG00000126262	ENST00000601590	Transcript	intron_variant,non_coding_transcript_variant	-	-	-	-	-	-	MODIFIER	-	1	-	FFAR2	HGNC	4501	-	-
ffar2_g37_59966438	19:35935636	G	ENSG00000126262	ENST00000246549	Transcript	upstream_gene_variant	-	-	-	-	-	-	MODIFIER	4981	1	-	FFAR2	HGNC	4501	-	ENSP00000246549
ffar2_g37_59966438	19:35935636	G	ENSG00000126262	ENST00000599180	Transcript	upstream_gene_variant	-	-	-	-	-	-	MODIFIER	3567	1	-	FFAR2	HGNC	4501	YES	ENSP00000473159
ffar2_g37_59966438	19:35935636	G	ENSG00000126262	ENST00000601590	Transcript	intron_variant,non_coding_transcript_variant	-	-	-	-	-	-	MODIFIER	-	1	-	FFAR2	HGNC	4501	-	-
ffar2_g37_59966439	19:35935679	C	ENSG00000126262	ENST00000246549	Transcript	upstream_gene_variant	-	-	-	-	-	-	MODIFIER	4938	1	-	FFAR2	HGNC	4501	-	ENSP00000246549
ffar2_g37_59966439	19:35935679	C	ENSG00000126262	ENST00000599180	Transcript	upstream_gene_variant	-	-	-	-	-	-	MODIFIER	3524	1	-	FFAR2	HGNC	4501	YES	ENSP00000473159
ffar2_g37_59966439	19:35935679	C	ENSG00000126262	ENST00000601590	Transcript	intron_variant,non_coding_transcript_variant	-	-	-	-	-	-	MODIFIER	-	1	-	FFAR2	HGNC	4501	-	-
ffar2_g37_59966440	19:35935687	G	ENSG00000126262	ENST00000246549	Transcript	upstream_gene_variant	-	-	-	-	-	-	MODIFIER	4930	1	-	FFAR2	HGNC	4501	-	ENSP00000246549
ffar2_g37_59966440	19:35935687	G	ENSG00000126262	ENST00000599180	Transcript	upstream_gene_variant	-	-	-	-	-	-	MODIFIER	3516	1	-	FFAR2	HGNC	4501	YES	ENSP00000473159
ffar2_g37_59966440	19:35935687	G	ENSG00000126262	ENST00000601590	Transcript	intron_variant,non_coding_transcript_variant	-	-	-	-	-	-	MODIFIER	-	1	-	FFAR2	HGNC	4501	-	-
ffar2_g37_59966441	19:35935691	G	ENSG00000126262	ENST00000246549	Transcript	upstream_gene_variant	-	-	-	-	-	-	MODIFIER	4926	1	-	FFAR2	HGNC	4501	-	ENSP00000246549
ffar2_g37_59966441	19:35935691	G	ENSG00000126262	ENST00000599180	Transcript	upstream_gene_variant	-	-	-	-	-	-	MODIFIER	3512	1	-	FFAR2	HGNC	4501	YES	ENSP00000473159
ffar2_g37_59966441	19:35935691	G	ENSG00000126262	ENST00000601590	Transcript	intron_variant,non_coding_transcript_variant	-	-	-	-	-	-	MODIFIER	-	1	-	FFAR2	HGNC	4501	-	-
ffar2_g37_59966442	19:35935698	T	ENSG00000126262	ENST00000246549	Transcript	upstream_gene_variant	-	-	-	-	-	-	MODIFIER	4919	1	-	FFAR2	HGNC	4501	-	ENSP00000246549
ffar2_g37_59966442	19:35935698	T	ENSG00000126262	ENST00000599180	Transcript	upstream_gene_variant	-	-	-	-	-	-	MODIFIER	3505	1	-	FFAR2	HGNC	4501	YES	ENSP00000473159
ffar2_g37_59966442	19:35935698	T	ENSG00000126262	ENST00000601590	Transcript	intron_variant,non_coding_transcript_variant	-	-	-	-	-	-	MODIFIER	-	1	-	FFAR2	HGNC	4501	-	-
ffar2_g37_59966443	19:35935728	C	ENSG00000126262	ENST00000246549	Transcript	upstream_gene_variant	-	-	-	-	-	-	MODIFIER	4889	1	-	FFAR2	HGNC	4501	-	ENSP00000246549
ffar2_g37_59966443	19:35935728	C	ENSG00000126262	ENST00000599180	Transcript	upstream_gene_variant	-	-	-	-	-	-	MODIFIER	3475	1	-	FFAR2	HGNC	4501	YES	ENSP00000473159
ffar2_g37_59966443	19:35935728	C	ENSG00000126262	ENST00000601590	Transcript	intron_variant,non_coding_transcript_variant	-	-	-	-	-	-	MODIFIER	-	1	-	FFAR2	HGNC	4501	-	-
ffar2_g37_59966444	19:35935765	G	ENSG00000126262	ENST00000246549	Transcript	upstream_gene_variant	-	-	-	-	-	-	MODIFIER	4852	1	-	FFAR2	HGNC	4501	-	ENSP00000246549
ffar2_g37_59966444	19:35935765	G	ENSG00000126262	ENST00000599180	Transcript	upstream_gene_variant	-	-	-	-	-	-	MODIFIER	3438	1	-	FFAR2	HGNC	4501	YES	ENSP00000473159
ffar2_g37_59966444	19:35935765	G	ENSG00000126262	ENST00000601590	Transcript	intron_variant,non_coding_transcript_variant	-	-	-	-	-	-	MODIFIER	-	1	-	FFAR2	HGNC	4501	-	-
ffar2_g37_59966445	19:35935773-35935774	CATGGC	ENSG00000126262	ENST00000246549	Transcript	upstream_gene_variant	-	-	-	-	-	-	MODIFIER	4843	1	-	FFAR2	HGNC	4501	-	ENSP00000246549
ffar2_g37_59966445	19:35935773-35935774	CATGGC	ENSG00000126262	ENST00000599180	Transcript	upstream_gene_variant	-	-	-	-	-	-	MODIFIER	3429	1	-	FFAR2	HGNC	4501	YES	ENSP00000473159
ffar2_g37_59966445	19:35935773-35935774	CATGGC	ENSG00000126262	ENST00000601590	Transcript	intron_variant,non_coding_transcript_variant	-	-	-	-	-	-	MODIFIER	-	1	-	FFAR2	HGNC	4501	-	-
ffar2_g37_59966446	19:35935797	G	ENSG00000126262	ENST00000246549	Transcript	upstream_gene_variant	-	-	-	-	-	-	MODIFIER	4820	1	-	FFAR2	HGNC	4501	-	ENSP00000246549
ffar2_g37_59966446	19:35935797	G	ENSG00000126262	ENST00000599180	Transcript	upstream_gene_variant	-	-	-	-	-	-	MODIFIER	3406	1	-	FFAR2	HGNC	4501	YES	ENSP00000473159
ffar2_g37_59966446	19:35935797	G	ENSG00000126262	ENST00000601590	Transcript	intron_variant,non_coding_transcript_variant	-	-	-	-	-	-	MODIFIER	-	1	-	FFAR2	HGNC	4501	-	-
ffar2_g37_59966447	19:35935818	G	ENSG00000126262	ENST00000246549	Transcript	upstream_gene_variant	-	-	-	-	-	-	MODIFIER	4799	1	-	FFAR2	HGNC	4501	-	ENSP00000246549
ffar2_g37_59966447	19:35935818	G	ENSG00000126262	ENST00000599180	Transcript	upstream_gene_variant	-	-	-	-	-	-	MODIFIER	3385	1	-	FFAR2	HGNC	4501	YES	ENSP00000473159
ffar2_g37_59966447	19:35935818	G	ENSG00000126262	ENST00000601590	Transcript	intron_variant,non_coding_transcript_variant	-	-	-	-	-	-	MODIFIER	-	1	-	FFAR2	HGNC	4501	-	-
ffar2_g37_59966448	19:35935834-35935835	A	ENSG00000126262	ENST00000246549	Transcript	upstream_gene_variant	-	-	-	-	-	-	MODIFIER	4782	1	-	FFAR2	HGNC	4501	-	ENSP00000246549
ffar2_g37_59966448	19:35935834-35935835	A	ENSG00000126262	ENST00000599180	Transcript	upstream_gene_variant	-	-	-	-	-	-	MODIFIER	3368	1	-	FFAR2	HGNC	4501	YES	ENSP00000473159
ffar2_g37_59966448	19:35935834-35935835	A	ENSG00000126262	ENST00000601590	Transcript	intron_variant,non_coding_transcript_variant	-	-	-	-	-	-	MODIFIER	-	1	-	FFAR2	HGNC	4501	-	-
ffar2_g37_59966449	19:35935837	G	ENSG00000126262	ENST00000246549	Transcript	upstream_gene_variant	-	-	-	-	-	-	MODIFIER	4780	1	-	FFAR2	HGNC	4501	-	ENSP00000246549
ffar2_g37_59966449	19:35935837	G	ENSG00000126262	ENST00000599180	Transcript	upstream_gene_variant	-	-	-	-	-	-	MODIFIER	3366	1	-	FFAR2	HGNC	4501	YES	ENSP00000473159
ffar2_g37_59966449	19:35935837	G	ENSG00000126262	ENST00000601590	Transcript	intron_variant,non_coding_transcript_variant	-	-	-	-	-	-	MODIFIER	-	1	-	FFAR2	HGNC	4501	-	-
ffar2_g37_59966450	19:35935839	G	ENSG00000126262	ENST00000246549	Transcript	upstream_gene_variant	-	-	-	-	-	-	MODIFIER	4778	1	-	FFAR2	HGNC	4501	-	ENSP00000246549
ffar2_g37_59966450	19:35935839	G	ENSG00000126262	ENST00000599180	Transcript	upstream_gene_variant	-	-	-	-	-	-	MODIFIER	3364	1	-	FFAR2	HGNC	4501	YES	ENSP00000473159
ffar2_g37_59966450	19:35935839	G	ENSG00000126262	ENST00000601590	Transcript	intron_variant,non_coding_transcript_variant	-	-	-	-	-	-	MODIFIER	-	1	-	FFAR2	HGNC	4501	-	-
ffar2_g37_59966451	19:35935865	G	ENSG00000126262	ENST00000246549	Transcript	upstream_gene_variant	-	-	-	-	-	-	MODIFIER	4752	1	-	FFAR2	HGNC	4501	-	ENSP00000246549
ffar2_g37_59966451	19:35935865	G	ENSG00000126262	ENST00000599180	Transcript	upstream_gene_variant	-	-	-	-	-	-	MODIFIER	3338	1	-	FFAR2	HGNC	4501	YES	ENSP00000473159
ffar2_g37_59966451	19:35935865	G	ENSG00000126262	ENST00000601590	Transcript	intron_variant,non_coding_transcript_variant	-	-	-	-	-	-	MODIFIER	-	1	-	FFAR2	HGNC	4501	-	-
ffar2_g37_59966452	19:35935918	C	ENSG00000126262	ENST00000246549	Transcript	upstream_gene_variant	-	-	-	-	-	-	MODIFIER	4699	1	-	FFAR2	HGNC	4501	-	ENSP00000246549
ffar2_g37_59966452	19:35935918	C	ENSG00000126262	ENST00000599180	Transcript	upstream_gene_variant	-	-	-	-	-	-	MODIFIER	3285	1	-	FFAR2	HGNC	4501	YES	ENSP00000473159
ffar2_g37_59966452	19:35935918	C	ENSG00000126262	ENST00000601590	Transcript	intron_variant,non_coding_transcript_variant	-	-	-	-	-	-	MODIFIER	-	1	-	FFAR2	HGNC	4501	-	-
ffar2_g37_59966453	19:35935924-35935925	AC	ENSG00000126262	ENST00000246549	Transcript	upstream_gene_variant	-	-	-	-	-	-	MODIFIER	4692	1	-	FFAR2	HGNC	4501	-	ENSP00000246549
ffar2_g37_59966453	19:35935924-35935925	AC	ENSG00000126262	ENST00000599180	Transcript	upstream_gene_variant	-	-	-	-	-	-	MODIFIER	3278	1	-	FFAR2	HGNC	4501	YES	ENSP00000473159
ffar2_g37_59966453	19:35935924-35935925	AC	ENSG00000126262	ENST00000601590	Transcript	intron_variant,non_coding_transcript_variant	-	-	-	-	-	-	MODIFIER	-	1	-	FFAR2	HGNC	4501	-	-
ffar2_g37_59966454	19:35935959	C	ENSG00000126262	ENST00000246549	Transcript	upstream_gene_variant	-	-	-	-	-	-	MODIFIER	4658	1	-	FFAR2	HGNC	4501	-	ENSP00000246549
ffar2_g37_59966454	19:35935959	C	ENSG00000126262	ENST00000599180	Transcript	upstream_gene_variant	-	-	-	-	-	-	MODIFIER	3244	1	-	FFAR2	HGNC	4501	YES	ENSP00000473159
ffar2_g37_59966454	19:35935959	C	ENSG00000126262	ENST00000601590	Transcript	intron_variant,non_coding_transcript_variant	-	-	-	-	-	-	MODIFIER	-	1	-	FFAR2	HGNC	4501	-	-
ffar2_g37_59966455	19:35935969-35935970	GTGA	ENSG00000126262	ENST00000246549	Transcript	upstream_gene_variant	-	-	-	-	-	-	MODIFIER	4647	1	-	FFAR2	HGNC	4501	-	ENSP00000246549
ffar2_g37_59966455	19:35935969-35935970	GTGA	ENSG00000126262	ENST00000599180	Transcript	upstream_gene_variant	-	-	-	-	-	-	MODIFIER	3233	1	-	FFAR2	HGNC	4501	YES	ENSP00000473159
ffar2_g37_59966455	19:35935969-35935970	GTGA	ENSG00000126262	ENST00000601590	Transcript	intron_variant,non_coding_transcript_variant	-	-	-	-	-	-	MODIFIER	-	1	-	FFAR2	HGNC	4501	-	-
ffar2_g37_59966456	19:35935974	G	ENSG00000126262	ENST00000246549	Transcript	upstream_gene_variant	-	-	-	-	-	-	MODIFIER	4643	1	-	FFAR2	HGNC	4501	-	ENSP00000246549
ffar2_g37_59966456	19:35935974	G	ENSG00000126262	ENST00000599180	Transcript	upstream_gene_variant	-	-	-	-	-	-	MODIFIER	3229	1	-	FFAR2	HGNC	4501	YES	ENSP00000473159
ffar2_g37_59966456	19:35935974	G	ENSG00000126262	ENST00000601590	Transcript	intron_variant,non_coding_transcript_variant	-	-	-	-	-	-	MODIFIER	-	1	-	FFAR2	HGNC	4501	-	-
ffar2_g37_59966457	19:35935977	G	ENSG00000126262	ENST00000246549	Transcript	upstream_gene_variant	-	-	-	-	-	-	MODIFIER	4640	1	-	FFAR2	HGNC	4501	-	ENSP00000246549
ffar2_g37_59966457	19:35935977	G	ENSG00000126262	ENST00000599180	Transcript	upstream_gene_variant	-	-	-	-	-	-	MODIFIER	3226	1	-	FFAR2	HGNC	4501	YES	ENSP00000473159
ffar2_g37_59966457	19:35935977	G	ENSG00000126262	ENST00000601590	Transcript	intron_variant,non_coding_transcript_variant	-	-	-	-	-	-	MODIFIER	-	1	-	FFAR2	HGNC	4501	-	-
ffar2_g37_59966458	19:35936007	G	ENSG00000126262	ENST00000246549	Transcript	upstream_gene_variant	-	-	-	-	-	-	MODIFIER	4610	1	-	FFAR2	HGNC	4501	-	ENSP00000246549
ffar2_g37_59966458	19:35936007	G	ENSG00000126262	ENST00000599180	Transcript	upstream_gene_variant	-	-	-	-	-	-	MODIFIER	3196	1	-	FFAR2	HGNC	4501	YES	ENSP00000473159
ffar2_g37_59966458	19:35936007	G	ENSG00000126262	ENST00000601590	Transcript	intron_variant,non_coding_transcript_variant	-	-	-	-	-	-	MODIFIER	-	1	-	FFAR2	HGNC	4501	-	-
ffar2_g37_59966459	19:35936008	G	ENSG00000126262	ENST00000246549	Transcript	upstream_gene_variant	-	-	-	-	-	-	MODIFIER	4609	1	-	FFAR2	HGNC	4501	-	ENSP00000246549
ffar2_g37_59966459	19:35936008	G	ENSG00000126262	ENST00000599180	Transcript	upstream_gene_variant	-	-	-	-	-	-	MODIFIER	3195	1	-	FFAR2	HGNC	4501	YES	ENSP00000473159
ffar2_g37_59966459	19:35936008	G	ENSG00000126262	ENST00000601590	Transcript	intron_variant,non_coding_transcript_variant	-	-	-	-	-	-	MODIFIER	-	1	-	FFAR2	HGNC	4501	-	-
ffar2_g37_59966460	19:35936026-35936027	TCTG	ENSG00000126262	ENST00000246549	Transcript	upstream_gene_variant	-	-	-	-	-	-	MODIFIER	4590	1	-	FFAR2	HGNC	4501	-	ENSP00000246549
ffar2_g37_59966460	19:35936026-35936027	TCTG	ENSG00000126262	ENST00000599180	Transcript	upstream_gene_variant	-	-	-	-	-	-	MODIFIER	3176	1	-	FFAR2	HGNC	4501	YES	ENSP00000473159
ffar2_g37_59966460	19:35936026-35936027	TCTG	ENSG00000126262	ENST00000601590	Transcript	intron_variant,non_coding_transcript_variant	-	-	-	-	-	-	MODIFIER	-	1	-	FFAR2	HGNC	4501	-	-
ffar2_g37_59966461	19:35936068	C	ENSG00000126262	ENST00000246549	Transcript	upstream_gene_variant	-	-	-	-	-	-	MODIFIER	4549	1	-	FFAR2	HGNC	4501	-	ENSP00000246549
ffar2_g37_59966461	19:35936068	C	ENSG00000126262	ENST00000599180	Transcript	upstream_gene_variant	-	-	-	-	-	-	MODIFIER	3135	1	-	FFAR2	HGNC	4501	YES	ENSP00000473159
ffar2_g37_59966461	19:35936068	C	ENSG00000126262	ENST00000601590	Transcript	intron_variant,non_coding_transcript_variant	-	-	-	-	-	-	MODIFIER	-	1	-	FFAR2	HGNC	4501	-	-
ffar2_g37_59966462	19:35936070	C	ENSG00000126262	ENST00000246549	Transcript	upstream_gene_variant	-	-	-	-	-	-	MODIFIER	4547	1	-	FFAR2	HGNC	4501	-	ENSP00000246549
ffar2_g37_59966462	19:35936070	C	ENSG00000126262	ENST00000599180	Transcript	upstream_gene_variant	-	-	-	-	-	-	MODIFIER	3133	1	-	FFAR2	HGNC	4501	YES	ENSP00000473159
ffar2_g37_59966462	19:35936070	C	ENSG00000126262	ENST00000601590	Transcript	intron_variant,non_coding_transcript_variant	-	-	-	-	-	-	MODIFIER	-	1	-	FFAR2	HGNC	4501	-	-
ffar2_g37_59966463	19:35936080	C	ENSG00000126262	ENST00000246549	Transcript	upstream_gene_variant	-	-	-	-	-	-	MODIFIER	4537	1	-	FFAR2	HGNC	4501	-	ENSP00000246549
ffar2_g37_59966463	19:35936080	C	ENSG00000126262	ENST00000599180	Transcript	upstream_gene_variant	-	-	-	-	-	-	MODIFIER	3123	1	-	FFAR2	HGNC	4501	YES	ENSP00000473159
ffar2_g37_59966463	19:35936080	C	ENSG00000126262	ENST00000601590	Transcript	intron_variant,non_coding_transcript_variant	-	-	-	-	-	-	MODIFIER	-	1	-	FFAR2	HGNC	4501	-	-
ffar2_g37_59966464	19:35936114	C	ENSG00000126262	ENST00000246549	Transcript	upstream_gene_variant	-	-	-	-	-	-	MODIFIER	4503	1	-	FFAR2	HGNC	4501	-	ENSP00000246549
ffar2_g37_59966464	19:35936114	C	ENSG00000126262	ENST00000599180	Transcript	upstream_gene_variant	-	-	-	-	-	-	MODIFIER	3089	1	-	FFAR2	HGNC	4501	YES	ENSP00000473159
ffar2_g37_59966464	19:35936114	C	ENSG00000126262	ENST00000601590	Transcript	intron_variant,non_coding_transcript_variant	-	-	-	-	-	-	MODIFIER	-	1	-	FFAR2	HGNC	4501	-	-
ffar2_g37_59966465	19:35936125	G	ENSG00000126262	ENST00000246549	Transcript	upstream_gene_variant	-	-	-	-	-	-	MODIFIER	4492	1	-	FFAR2	HGNC	4501	-	ENSP00000246549
ffar2_g37_59966465	19:35936125	G	ENSG00000126262	ENST00000599180	Transcript	upstream_gene_variant	-	-	-	-	-	-	MODIFIER	3078	1	-	FFAR2	HGNC	4501	YES	ENSP00000473159
ffar2_g37_59966465	19:35936125	G	ENSG00000126262	ENST00000601590	Transcript	intron_variant,non_coding_transcript_variant	-	-	-	-	-	-	MODIFIER	-	1	-	FFAR2	HGNC	4501	-	-
ffar2_g37_59966466	19:35936132	C	ENSG00000126262	ENST00000246549	Transcript	upstream_gene_variant	-	-	-	-	-	-	MODIFIER	4485	1	-	FFAR2	HGNC	4501	-	ENSP00000246549
ffar2_g37_59966466	19:35936132	C	ENSG00000126262	ENST00000599180	Transcript	upstream_gene_variant	-	-	-	-	-	-	MODIFIER	3071	1	-	FFAR2	HGNC	4501	YES	ENSP00000473159
ffar2_g37_59966466	19:35936132	C	ENSG00000126262	ENST00000601590	Transcript	intron_variant,non_coding_transcript_variant	-	-	-	-	-	-	MODIFIER	-	1	-	FFAR2	HGNC	4501	-	-
ffar2_g37_59966467	19:35936147	C	ENSG00000126262	ENST00000246549	Transcript	upstream_gene_variant	-	-	-	-	-	-	MODIFIER	4470	1	-	FFAR2	HGNC	4501	-	ENSP00000246549
ffar2_g37_59966467	19:35936147	C	ENSG00000126262	ENST00000599180	Transcript	upstream_gene_variant	-	-	-	-	-	-	MODIFIER	3056	1	-	FFAR2	HGNC	4501	YES	ENSP00000473159
ffar2_g37_59966467	19:35936147	C	ENSG00000126262	ENST00000601590	Transcript	intron_variant,non_coding_transcript_variant	-	-	-	-	-	-	MODIFIER	-	1	-	FFAR2	HGNC	4501	-	-
ffar2_g37_59966468	19:35936216	C	ENSG00000126262	ENST00000246549	Transcript	upstream_gene_variant	-	-	-	-	-	-	MODIFIER	4401	1	-	FFAR2	HGNC	4501	-	ENSP00000246549
ffar2_g37_59966468	19:35936216	C	ENSG00000126262	ENST00000599180	Transcript	upstream_gene_variant	-	-	-	-	-	-	MODIFIER	2987	1	-	FFAR2	HGNC	4501	YES	ENSP00000473159
ffar2_g37_59966468	19:35936216	C	ENSG00000126262	ENST00000601590	Transcript	intron_variant,non_coding_transcript_variant	-	-	-	-	-	-	MODIFIER	-	1	-	FFAR2	HGNC	4501	-	-
ffar2_g37_59966469	19:35936222-35936223	GTCTCTCTGTCTCA	ENSG00000126262	ENST00000246549	Transcript	upstream_gene_variant	-	-	-	-	-	-	MODIFIER	4394	1	-	FFAR2	HGNC	4501	-	ENSP00000246549
ffar2_g37_59966469	19:35936222-35936223	GTCTCTCTGTCTCA	ENSG00000126262	ENST00000599180	Transcript	upstream_gene_variant	-	-	-	-	-	-	MODIFIER	2980	1	-	FFAR2	HGNC	4501	YES	ENSP00000473159
ffar2_g37_59966469	19:35936222-35936223	GTCTCTCTGTCTCA	ENSG00000126262	ENST00000601590	Transcript	intron_variant,non_coding_transcript_variant	-	-	-	-	-	-	MODIFIER	-	1	-	FFAR2	HGNC	4501	-	-
ffar2_g37_59966470	19:35936241	G	ENSG00000126262	ENST00000246549	Transcript	upstream_gene_variant	-	-	-	-	-	-	MODIFIER	4376	1	-	FFAR2	HGNC	4501	-	ENSP00000246549
ffar2_g37_59966470	19:35936241	G	ENSG00000126262	ENST00000599180	Transcript	upstream_gene_variant	-	-	-	-	-	-	MODIFIER	2962	1	-	FFAR2	HGNC	4501	YES	ENSP00000473159
ffar2_g37_59966470	19:35936241	G	ENSG00000126262	ENST00000601590	Transcript	intron_variant,non_coding_transcript_variant	-	-	-	-	-	-	MODIFIER	-	1	-	FFAR2	HGNC	4501	-	-
ffar2_g37_59966471	19:35936245	G	ENSG00000126262	ENST00000246549	Transcript	upstream_gene_variant	-	-	-	-	-	-	MODIFIER	4372	1	-	FFAR2	HGNC	4501	-	ENSP00000246549
ffar2_g37_59966471	19:35936245	G	ENSG00000126262	ENST00000599180	Transcript	upstream_gene_variant	-	-	-	-	-	-	MODIFIER	2958	1	-	FFAR2	HGNC	4501	YES	ENSP00000473159
ffar2_g37_59966471	19:35936245	G	ENSG00000126262	ENST00000601590	Transcript	intron_variant,non_coding_transcript_variant	-	-	-	-	-	-	MODIFIER	-	1	-	FFAR2	HGNC	4501	-	-
ffar2_g37_59966472	19:35936261	G	ENSG00000126262	ENST00000246549	Transcript	upstream_gene_variant	-	-	-	-	-	-	MODIFIER	4356	1	-	FFAR2	HGNC	4501	-	ENSP00000246549
ffar2_g37_59966472	19:35936261	G	ENSG00000126262	ENST00000599180	Transcript	upstream_gene_variant	-	-	-	-	-	-	MODIFIER	2942	1	-	FFAR2	HGNC	4501	YES	ENSP00000473159
ffar2_g37_59966472	19:35936261	G	ENSG00000126262	ENST00000601590	Transcript	intron_variant,non_coding_transcript_variant	-	-	-	-	-	-	MODIFIER	-	1	-	FFAR2	HGNC	4501	-	-
ffar2_g37_59966473	19:35936266	C	ENSG00000126262	ENST00000246549	Transcript	upstream_gene_variant	-	-	-	-	-	-	MODIFIER	4351	1	-	FFAR2	HGNC	4501	-	ENSP00000246549
ffar2_g37_59966473	19:35936266	C	ENSG00000126262	ENST00000599180	Transcript	upstream_gene_variant	-	-	-	-	-	-	MODIFIER	2937	1	-	FFAR2	HGNC	4501	YES	ENSP00000473159
ffar2_g37_59966473	19:35936266	C	ENSG00000126262	ENST00000601590	Transcript	intron_variant,non_coding_transcript_variant	-	-	-	-	-	-	MODIFIER	-	1	-	FFAR2	HGNC	4501	-	-
ffar2_g37_59966474	19:35936278	G	ENSG00000126262	ENST00000246549	Transcript	upstream_gene_variant	-	-	-	-	-	-	MODIFIER	4339	1	-	FFAR2	HGNC	4501	-	ENSP00000246549
ffar2_g37_59966474	19:35936278	G	ENSG00000126262	ENST00000599180	Transcript	upstream_gene_variant	-	-	-	-	-	-	MODIFIER	2925	1	-	FFAR2	HGNC	4501	YES	ENSP00000473159
ffar2_g37_59966474	19:35936278	G	ENSG00000126262	ENST00000601590	Transcript	intron_variant,non_coding_transcript_variant	-	-	-	-	-	-	MODIFIER	-	1	-	FFAR2	HGNC	4501	-	-
ffar2_g37_59966475	19:35936281	G	ENSG00000126262	ENST00000246549	Transcript	upstream_gene_variant	-	-	-	-	-	-	MODIFIER	4336	1	-	FFAR2	HGNC	4501	-	ENSP00000246549
ffar2_g37_59966475	19:35936281	G	ENSG00000126262	ENST00000599180	Transcript	upstream_gene_variant	-	-	-	-	-	-	MODIFIER	2922	1	-	FFAR2	HGNC	4501	YES	ENSP00000473159
ffar2_g37_59966475	19:35936281	G	ENSG00000126262	ENST00000601590	Transcript	intron_variant,non_coding_transcript_variant	-	-	-	-	-	-	MODIFIER	-	1	-	FFAR2	HGNC	4501	-	-
ffar2_g37_59966476	19:35936355	G	ENSG00000126262	ENST00000246549	Transcript	upstream_gene_variant	-	-	-	-	-	-	MODIFIER	4262	1	-	FFAR2	HGNC	4501	-	ENSP00000246549
ffar2_g37_59966476	19:35936355	G	ENSG00000126262	ENST00000599180	Transcript	upstream_gene_variant	-	-	-	-	-	-	MODIFIER	2848	1	-	FFAR2	HGNC	4501	YES	ENSP00000473159
ffar2_g37_59966476	19:35936355	G	ENSG00000126262	ENST00000601590	Transcript	intron_variant,non_coding_transcript_variant	-	-	-	-	-	-	MODIFIER	-	1	-	FFAR2	HGNC	4501	-	-
ffar2_g37_59966477	19:35936368	G	ENSG00000126262	ENST00000246549	Transcript	upstream_gene_variant	-	-	-	-	-	-	MODIFIER	4249	1	-	FFAR2	HGNC	4501	-	ENSP00000246549
ffar2_g37_59966477	19:35936368	G	ENSG00000126262	ENST00000599180	Transcript	upstream_gene_variant	-	-	-	-	-	-	MODIFIER	2835	1	-	FFAR2	HGNC	4501	YES	ENSP00000473159
ffar2_g37_59966477	19:35936368	G	ENSG00000126262	ENST00000601590	Transcript	intron_variant,non_coding_transcript_variant	-	-	-	-	-	-	MODIFIER	-	1	-	FFAR2	HGNC	4501	-	-
ffar2_g37_59966478	19:35936377	C	ENSG00000126262	ENST00000246549	Transcript	upstream_gene_variant	-	-	-	-	-	-	MODIFIER	4240	1	-	FFAR2	HGNC	4501	-	ENSP00000246549
ffar2_g37_59966478	19:35936377	C	ENSG00000126262	ENST00000599180	Transcript	upstream_gene_variant	-	-	-	-	-	-	MODIFIER	2826	1	-	FFAR2	HGNC	4501	YES	ENSP00000473159
ffar2_g37_59966478	19:35936377	C	ENSG00000126262	ENST00000601590	Transcript	intron_variant,non_coding_transcript_variant	-	-	-	-	-	-	MODIFIER	-	1	-	FFAR2	HGNC	4501	-	-
ffar2_g37_59966479	19:35936381	G	ENSG00000126262	ENST00000246549	Transcript	upstream_gene_variant	-	-	-	-	-	-	MODIFIER	4236	1	-	FFAR2	HGNC	4501	-	ENSP00000246549
ffar2_g37_59966479	19:35936381	G	ENSG00000126262	ENST00000599180	Transcript	upstream_gene_variant	-	-	-	-	-	-	MODIFIER	2822	1	-	FFAR2	HGNC	4501	YES	ENSP00000473159
ffar2_g37_59966479	19:35936381	G	ENSG00000126262	ENST00000601590	Transcript	intron_variant,non_coding_transcript_variant	-	-	-	-	-	-	MODIFIER	-	1	-	FFAR2	HGNC	4501	-	-
ffar2_g37_59966480	19:35936409	G	ENSG00000126262	ENST00000246549	Transcript	upstream_gene_variant	-	-	-	-	-	-	MODIFIER	4208	1	-	FFAR2	HGNC	4501	-	ENSP00000246549
ffar2_g37_59966480	19:35936409	G	ENSG00000126262	ENST00000599180	Transcript	upstream_gene_variant	-	-	-	-	-	-	MODIFIER	2794	1	-	FFAR2	HGNC	4501	YES	ENSP00000473159
ffar2_g37_59966480	19:35936409	G	ENSG00000126262	ENST00000601590	Transcript	intron_variant,non_coding_transcript_variant	-	-	-	-	-	-	MODIFIER	-	1	-	FFAR2	HGNC	4501	-	-
ffar2_g37_59966481	19:35936424	G	ENSG00000126262	ENST00000246549	Transcript	upstream_gene_variant	-	-	-	-	-	-	MODIFIER	4193	1	-	FFAR2	HGNC	4501	-	ENSP00000246549
ffar2_g37_59966481	19:35936424	G	ENSG00000126262	ENST00000599180	Transcript	upstream_gene_variant	-	-	-	-	-	-	MODIFIER	2779	1	-	FFAR2	HGNC	4501	YES	ENSP00000473159
ffar2_g37_59966481	19:35936424	G	ENSG00000126262	ENST00000601590	Transcript	intron_variant,non_coding_transcript_variant	-	-	-	-	-	-	MODIFIER	-	1	-	FFAR2	HGNC	4501	-	-
ffar2_g37_59966482	19:35936432-35936433	CCCGGCCCG	ENSG00000126262	ENST00000246549	Transcript	upstream_gene_variant	-	-	-	-	-	-	MODIFIER	4184	1	-	FFAR2	HGNC	4501	-	ENSP00000246549
ffar2_g37_59966482	19:35936432-35936433	CCCGGCCCG	ENSG00000126262	ENST00000599180	Transcript	upstream_gene_variant	-	-	-	-	-	-	MODIFIER	2770	1	-	FFAR2	HGNC	4501	YES	ENSP00000473159
ffar2_g37_59966482	19:35936432-35936433	CCCGGCCCG	ENSG00000126262	ENST00000601590	Transcript	intron_variant,non_coding_transcript_variant	-	-	-	-	-	-	MODIFIER	-	1	-	FFAR2	HGNC	4501	-	-
ffar2_g37_59966483	19:35936436	G	ENSG00000126262	ENST00000246549	Transcript	upstream_gene_variant	-	-	-	-	-	-	MODIFIER	4181	1	-	FFAR2	HGNC	4501	-	ENSP00000246549
ffar2_g37_59966483	19:35936436	G	ENSG00000126262	ENST00000599180	Transcript	upstream_gene_variant	-	-	-	-	-	-	MODIFIER	2767	1	-	FFAR2	HGNC	4501	YES	ENSP00000473159
ffar2_g37_59966483	19:35936436	G	ENSG00000126262	ENST00000601590	Transcript	intron_variant,non_coding_transcript_variant	-	-	-	-	-	-	MODIFIER	-	1	-	FFAR2	HGNC	4501	-	-
ffar2_g37_59966484	19:35936440	C	ENSG00000126262	ENST00000246549	Transcript	upstream_gene_variant	-	-	-	-	-	-	MODIFIER	4177	1	-	FFAR2	HGNC	4501	-	ENSP00000246549
ffar2_g37_59966484	19:35936440	C	ENSG00000126262	ENST00000599180	Transcript	upstream_gene_variant	-	-	-	-	-	-	MODIFIER	2763	1	-	FFAR2	HGNC	4501	YES	ENSP00000473159
ffar2_g37_59966484	19:35936440	C	ENSG00000126262	ENST00000601590	Transcript	intron_variant,non_coding_transcript_variant	-	-	-	-	-	-	MODIFIER	-	1	-	FFAR2	HGNC	4501	-	-
ffar2_g37_59966485	19:35936445-35936446	-	ENSG00000126262	ENST00000246549	Transcript	upstream_gene_variant	-	-	-	-	-	-	MODIFIER	4171	1	-	FFAR2	HGNC	4501	-	ENSP00000246549
ffar2_g37_59966485	19:35936445-35936446	-	ENSG00000126262	ENST00000599180	Transcript	upstream_gene_variant	-	-	-	-	-	-	MODIFIER	2757	1	-	FFAR2	HGNC	4501	YES	ENSP00000473159
ffar2_g37_59966485	19:35936445-35936446	-	ENSG00000126262	ENST00000601590	Transcript	intron_variant,non_coding_transcript_variant	-	-	-	-	-	-	MODIFIER	-	1	-	FFAR2	HGNC	4501	-	-
ffar2_g37_59966486	19:35936456-35936457	GCCCGGCCCCC	ENSG00000126262	ENST00000246549	Transcript	upstream_gene_variant	-	-	-	-	-	-	MODIFIER	4160	1	-	FFAR2	HGNC	4501	-	ENSP00000246549
ffar2_g37_59966486	19:35936456-35936457	GCCCGGCCCCC	ENSG00000126262	ENST00000599180	Transcript	upstream_gene_variant	-	-	-	-	-	-	MODIFIER	2746	1	-	FFAR2	HGNC	4501	YES	ENSP00000473159
ffar2_g37_59966486	19:35936456-35936457	GCCCGGCCCCC	ENSG00000126262	ENST00000601590	Transcript	intron_variant,non_coding_transcript_variant	-	-	-	-	-	-	MODIFIER	-	1	-	FFAR2	HGNC	4501	-	-
ffar2_g37_59966487	19:35936446-35936447	CCC	ENSG00000126262	ENST00000246549	Transcript	upstream_gene_variant	-	-	-	-	-	-	MODIFIER	4170	1	-	FFAR2	HGNC	4501	-	ENSP00000246549
ffar2_g37_59966487	19:35936446-35936447	CCC	ENSG00000126262	ENST00000599180	Transcript	upstream_gene_variant	-	-	-	-	-	-	MODIFIER	2756	1	-	FFAR2	HGNC	4501	YES	ENSP00000473159
ffar2_g37_59966487	19:35936446-35936447	CCC	ENSG00000126262	ENST00000601590	Transcript	intron_variant,non_coding_transcript_variant	-	-	-	-	-	-	MODIFIER	-	1	-	FFAR2	HGNC	4501	-	-
ffar2_g37_59966488	19:35936448-35936451	-	ENSG00000126262	ENST00000246549	Transcript	upstream_gene_variant	-	-	-	-	-	-	MODIFIER	4166	1	-	FFAR2	HGNC	4501	-	ENSP00000246549
ffar2_g37_59966488	19:35936448-35936451	-	ENSG00000126262	ENST00000599180	Transcript	upstream_gene_variant	-	-	-	-	-	-	MODIFIER	2752	1	-	FFAR2	HGNC	4501	YES	ENSP00000473159
ffar2_g37_59966488	19:35936448-35936451	-	ENSG00000126262	ENST00000601590	Transcript	intron_variant,non_coding_transcript_variant	-	-	-	-	-	-	MODIFIER	-	1	-	FFAR2	HGNC	4501	-	-
ffar2_g37_59966489	19:35936449-35936451	-	ENSG00000126262	ENST00000246549	Transcript	upstream_gene_variant	-	-	-	-	-	-	MODIFIER	4166	1	-	FFAR2	HGNC	4501	-	ENSP00000246549
ffar2_g37_59966489	19:35936449-35936451	-	ENSG00000126262	ENST00000599180	Transcript	upstream_gene_variant	-	-	-	-	-	-	MODIFIER	2752	1	-	FFAR2	HGNC	4501	YES	ENSP00000473159
ffar2_g37_59966489	19:35936449-35936451	-	ENSG00000126262	ENST00000601590	Transcript	intron_variant,non_coding_transcript_variant	-	-	-	-	-	-	MODIFIER	-	1	-	FFAR2	HGNC	4501	-	-
ffar2_g37_59966490	19:35936465	G	ENSG00000126262	ENST00000246549	Transcript	upstream_gene_variant	-	-	-	-	-	-	MODIFIER	4152	1	-	FFAR2	HGNC	4501	-	ENSP00000246549
ffar2_g37_59966490	19:35936465	G	ENSG00000126262	ENST00000599180	Transcript	upstream_gene_variant	-	-	-	-	-	-	MODIFIER	2738	1	-	FFAR2	HGNC	4501	YES	ENSP00000473159
ffar2_g37_59966490	19:35936465	G	ENSG00000126262	ENST00000601590	Transcript	intron_variant,non_coding_transcript_variant	-	-	-	-	-	-	MODIFIER	-	1	-	FFAR2	HGNC	4501	-	-
ffar2_g37_59966491	19:35936468	G	ENSG00000126262	ENST00000246549	Transcript	upstream_gene_variant	-	-	-	-	-	-	MODIFIER	4149	1	-	FFAR2	HGNC	4501	-	ENSP00000246549
ffar2_g37_59966491	19:35936468	G	ENSG00000126262	ENST00000599180	Transcript	upstream_gene_variant	-	-	-	-	-	-	MODIFIER	2735	1	-	FFAR2	HGNC	4501	YES	ENSP00000473159
ffar2_g37_59966491	19:35936468	G	ENSG00000126262	ENST00000601590	Transcript	intron_variant,non_coding_transcript_variant	-	-	-	-	-	-	MODIFIER	-	1	-	FFAR2	HGNC	4501	-	-
ffar2_g37_59966492	19:35936472	C	ENSG00000126262	ENST00000246549	Transcript	upstream_gene_variant	-	-	-	-	-	-	MODIFIER	4145	1	-	FFAR2	HGNC	4501	-	ENSP00000246549
ffar2_g37_59966492	19:35936472	C	ENSG00000126262	ENST00000599180	Transcript	upstream_gene_variant	-	-	-	-	-	-	MODIFIER	2731	1	-	FFAR2	HGNC	4501	YES	ENSP00000473159
ffar2_g37_59966492	19:35936472	C	ENSG00000126262	ENST00000601590	Transcript	intron_variant,non_coding_transcript_variant	-	-	-	-	-	-	MODIFIER	-	1	-	FFAR2	HGNC	4501	-	-
ffar2_g37_59966493	19:35936476	G	ENSG00000126262	ENST00000246549	Transcript	upstream_gene_variant	-	-	-	-	-	-	MODIFIER	4141	1	-	FFAR2	HGNC	4501	-	ENSP00000246549
ffar2_g37_59966493	19:35936476	G	ENSG00000126262	ENST00000599180	Transcript	upstream_gene_variant	-	-	-	-	-	-	MODIFIER	2727	1	-	FFAR2	HGNC	4501	YES	ENSP00000473159
ffar2_g37_59966493	19:35936476	G	ENSG00000126262	ENST00000601590	Transcript	intron_variant,non_coding_transcript_variant	-	-	-	-	-	-	MODIFIER	-	1	-	FFAR2	HGNC	4501	-	-
ffar2_g37_59966494	19:35936490	G	ENSG00000126262	ENST00000246549	Transcript	upstream_gene_variant	-	-	-	-	-	-	MODIFIER	4127	1	-	FFAR2	HGNC	4501	-	ENSP00000246549
ffar2_g37_59966494	19:35936490	G	ENSG00000126262	ENST00000599180	Transcript	upstream_gene_variant	-	-	-	-	-	-	MODIFIER	2713	1	-	FFAR2	HGNC	4501	YES	ENSP00000473159
ffar2_g37_59966494	19:35936490	G	ENSG00000126262	ENST00000601590	Transcript	intron_variant,non_coding_transcript_variant	-	-	-	-	-	-	MODIFIER	-	1	-	FFAR2	HGNC	4501	-	-
ffar2_g37_59966495	19:35936502	C	ENSG00000126262	ENST00000246549	Transcript	upstream_gene_variant	-	-	-	-	-	-	MODIFIER	4115	1	-	FFAR2	HGNC	4501	-	ENSP00000246549
ffar2_g37_59966495	19:35936502	C	ENSG00000126262	ENST00000599180	Transcript	upstream_gene_variant	-	-	-	-	-	-	MODIFIER	2701	1	-	FFAR2	HGNC	4501	YES	ENSP00000473159
ffar2_g37_59966495	19:35936502	C	ENSG00000126262	ENST00000601590	Transcript	intron_variant,non_coding_transcript_variant	-	-	-	-	-	-	MODIFIER	-	1	-	FFAR2	HGNC	4501	-	-
ffar2_g37_59966496	19:35936507	C	ENSG00000126262	ENST00000246549	Transcript	upstream_gene_variant	-	-	-	-	-	-	MODIFIER	4110	1	-	FFAR2	HGNC	4501	-	ENSP00000246549
ffar2_g37_59966496	19:35936507	C	ENSG00000126262	ENST00000599180	Transcript	upstream_gene_variant	-	-	-	-	-	-	MODIFIER	2696	1	-	FFAR2	HGNC	4501	YES	ENSP00000473159
ffar2_g37_59966496	19:35936507	C	ENSG00000126262	ENST00000601590	Transcript	intron_variant,non_coding_transcript_variant	-	-	-	-	-	-	MODIFIER	-	1	-	FFAR2	HGNC	4501	-	-
ffar2_g37_59966497	19:35936513	C	ENSG00000126262	ENST00000246549	Transcript	upstream_gene_variant	-	-	-	-	-	-	MODIFIER	4104	1	-	FFAR2	HGNC	4501	-	ENSP00000246549
ffar2_g37_59966497	19:35936513	C	ENSG00000126262	ENST00000599180	Transcript	upstream_gene_variant	-	-	-	-	-	-	MODIFIER	2690	1	-	FFAR2	HGNC	4501	YES	ENSP00000473159
ffar2_g37_59966497	19:35936513	C	ENSG00000126262	ENST00000601590	Transcript	intron_variant,non_coding_transcript_variant	-	-	-	-	-	-	MODIFIER	-	1	-	FFAR2	HGNC	4501	-	-
ffar2_g37_59966498	19:35936514	G	ENSG00000126262	ENST00000246549	Transcript	upstream_gene_variant	-	-	-	-	-	-	MODIFIER	4103	1	-	FFAR2	HGNC	4501	-	ENSP00000246549
ffar2_g37_59966498	19:35936514	G	ENSG00000126262	ENST00000599180	Transcript	upstream_gene_variant	-	-	-	-	-	-	MODIFIER	2689	1	-	FFAR2	HGNC	4501	YES	ENSP00000473159
ffar2_g37_59966498	19:35936514	G	ENSG00000126262	ENST00000601590	Transcript	intron_variant,non_coding_transcript_variant	-	-	-	-	-	-	MODIFIER	-	1	-	FFAR2	HGNC	4501	-	-
ffar2_g37_59966499	19:35936521	G	ENSG00000126262	ENST00000246549	Transcript	upstream_gene_variant	-	-	-	-	-	-	MODIFIER	4096	1	-	FFAR2	HGNC	4501	-	ENSP00000246549
ffar2_g37_59966499	19:35936521	G	ENSG00000126262	ENST00000599180	Transcript	upstream_gene_variant	-	-	-	-	-	-	MODIFIER	2682	1	-	FFAR2	HGNC	4501	YES	ENSP00000473159
ffar2_g37_59966499	19:35936521	G	ENSG00000126262	ENST00000601590	Transcript	intron_variant,non_coding_transcript_variant	-	-	-	-	-	-	MODIFIER	-	1	-	FFAR2	HGNC	4501	-	-
ffar2_g37_59966500	19:35936548	C	ENSG00000126262	ENST00000246549	Transcript	upstream_gene_variant	-	-	-	-	-	-	MODIFIER	4069	1	-	FFAR2	HGNC	4501	-	ENSP00000246549
ffar2_g37_59966500	19:35936548	C	ENSG00000126262	ENST00000599180	Transcript	upstream_gene_variant	-	-	-	-	-	-	MODIFIER	2655	1	-	FFAR2	HGNC	4501	YES	ENSP00000473159
ffar2_g37_59966500	19:35936548	C	ENSG00000126262	ENST00000601590	Transcript	intron_variant,non_coding_transcript_variant	-	-	-	-	-	-	MODIFIER	-	1	-	FFAR2	HGNC	4501	-	-
ffar2_g37_59966501	19:35936600	G	ENSG00000126262	ENST00000246549	Transcript	upstream_gene_variant	-	-	-	-	-	-	MODIFIER	4017	1	-	FFAR2	HGNC	4501	-	ENSP00000246549
ffar2_g37_59966501	19:35936600	G	ENSG00000126262	ENST00000599180	Transcript	upstream_gene_variant	-	-	-	-	-	-	MODIFIER	2603	1	-	FFAR2	HGNC	4501	YES	ENSP00000473159
ffar2_g37_59966501	19:35936600	G	ENSG00000126262	ENST00000601590	Transcript	intron_variant,non_coding_transcript_variant	-	-	-	-	-	-	MODIFIER	-	1	-	FFAR2	HGNC	4501	-	-
ffar2_g37_59966502	19:35936618	G	ENSG00000126262	ENST00000246549	Transcript	upstream_gene_variant	-	-	-	-	-	-	MODIFIER	3999	1	-	FFAR2	HGNC	4501	-	ENSP00000246549
ffar2_g37_59966502	19:35936618	G	ENSG00000126262	ENST00000599180	Transcript	upstream_gene_variant	-	-	-	-	-	-	MODIFIER	2585	1	-	FFAR2	HGNC	4501	YES	ENSP00000473159
ffar2_g37_59966502	19:35936618	G	ENSG00000126262	ENST00000601590	Transcript	intron_variant,non_coding_transcript_variant	-	-	-	-	-	-	MODIFIER	-	1	-	FFAR2	HGNC	4501	-	-
ffar2_g37_59966503	19:35936626	C	ENSG00000126262	ENST00000246549	Transcript	upstream_gene_variant	-	-	-	-	-	-	MODIFIER	3991	1	-	FFAR2	HGNC	4501	-	ENSP00000246549
ffar2_g37_59966503	19:35936626	C	ENSG00000126262	ENST00000599180	Transcript	upstream_gene_variant	-	-	-	-	-	-	MODIFIER	2577	1	-	FFAR2	HGNC	4501	YES	ENSP00000473159
ffar2_g37_59966503	19:35936626	C	ENSG00000126262	ENST00000601590	Transcript	intron_variant,non_coding_transcript_variant	-	-	-	-	-	-	MODIFIER	-	1	-	FFAR2	HGNC	4501	-	-
ffar2_g37_59966504	19:35936627	C	ENSG00000126262	ENST00000246549	Transcript	upstream_gene_variant	-	-	-	-	-	-	MODIFIER	3990	1	-	FFAR2	HGNC	4501	-	ENSP00000246549
ffar2_g37_59966504	19:35936627	C	ENSG00000126262	ENST00000599180	Transcript	upstream_gene_variant	-	-	-	-	-	-	MODIFIER	2576	1	-	FFAR2	HGNC	4501	YES	ENSP00000473159
ffar2_g37_59966504	19:35936627	C	ENSG00000126262	ENST00000601590	Transcript	intron_variant,non_coding_transcript_variant	-	-	-	-	-	-	MODIFIER	-	1	-	FFAR2	HGNC	4501	-	-
ffar2_g37_59966505	19:35936644	G	ENSG00000126262	ENST00000246549	Transcript	upstream_gene_variant	-	-	-	-	-	-	MODIFIER	3973	1	-	FFAR2	HGNC	4501	-	ENSP00000246549
ffar2_g37_59966505	19:35936644	G	ENSG00000126262	ENST00000599180	Transcript	upstream_gene_variant	-	-	-	-	-	-	MODIFIER	2559	1	-	FFAR2	HGNC	4501	YES	ENSP00000473159
ffar2_g37_59966505	19:35936644	G	ENSG00000126262	ENST00000601590	Transcript	intron_variant,non_coding_transcript_variant	-	-	-	-	-	-	MODIFIER	-	1	-	FFAR2	HGNC	4501	-	-
ffar2_g37_59966506	19:35936649	C	ENSG00000126262	ENST00000246549	Transcript	upstream_gene_variant	-	-	-	-	-	-	MODIFIER	3968	1	-	FFAR2	HGNC	4501	-	ENSP00000246549
ffar2_g37_59966506	19:35936649	C	ENSG00000126262	ENST00000599180	Transcript	upstream_gene_variant	-	-	-	-	-	-	MODIFIER	2554	1	-	FFAR2	HGNC	4501	YES	ENSP00000473159
ffar2_g37_59966506	19:35936649	C	ENSG00000126262	ENST00000601590	Transcript	intron_variant,non_coding_transcript_variant	-	-	-	-	-	-	MODIFIER	-	1	-	FFAR2	HGNC	4501	-	-
ffar2_g37_59966507	19:35936650	C	ENSG00000126262	ENST00000246549	Transcript	upstream_gene_variant	-	-	-	-	-	-	MODIFIER	3967	1	-	FFAR2	HGNC	4501	-	ENSP00000246549
ffar2_g37_59966507	19:35936650	C	ENSG00000126262	ENST00000599180	Transcript	upstream_gene_variant	-	-	-	-	-	-	MODIFIER	2553	1	-	FFAR2	HGNC	4501	YES	ENSP00000473159
ffar2_g37_59966507	19:35936650	C	ENSG00000126262	ENST00000601590	Transcript	intron_variant,non_coding_transcript_variant	-	-	-	-	-	-	MODIFIER	-	1	-	FFAR2	HGNC	4501	-	-
ffar2_g37_59966508	19:35936651	C	ENSG00000126262	ENST00000246549	Transcript	upstream_gene_variant	-	-	-	-	-	-	MODIFIER	3966	1	-	FFAR2	HGNC	4501	-	ENSP00000246549
ffar2_g37_59966508	19:35936651	C	ENSG00000126262	ENST00000599180	Transcript	upstream_gene_variant	-	-	-	-	-	-	MODIFIER	2552	1	-	FFAR2	HGNC	4501	YES	ENSP00000473159
ffar2_g37_59966508	19:35936651	C	ENSG00000126262	ENST00000601590	Transcript	intron_variant,non_coding_transcript_variant	-	-	-	-	-	-	MODIFIER	-	1	-	FFAR2	HGNC	4501	-	-
ffar2_g37_59966509	19:35936664	C	ENSG00000126262	ENST00000246549	Transcript	upstream_gene_variant	-	-	-	-	-	-	MODIFIER	3953	1	-	FFAR2	HGNC	4501	-	ENSP00000246549
ffar2_g37_59966509	19:35936664	C	ENSG00000126262	ENST00000599180	Transcript	upstream_gene_variant	-	-	-	-	-	-	MODIFIER	2539	1	-	FFAR2	HGNC	4501	YES	ENSP00000473159
ffar2_g37_59966509	19:35936664	C	ENSG00000126262	ENST00000601590	Transcript	intron_variant,non_coding_transcript_variant	-	-	-	-	-	-	MODIFIER	-	1	-	FFAR2	HGNC	4501	-	-
ffar2_g37_59966510	19:35936691	G	ENSG00000126262	ENST00000246549	Transcript	upstream_gene_variant	-	-	-	-	-	-	MODIFIER	3926	1	-	FFAR2	HGNC	4501	-	ENSP00000246549
ffar2_g37_59966510	19:35936691	G	ENSG00000126262	ENST00000599180	Transcript	upstream_gene_variant	-	-	-	-	-	-	MODIFIER	2512	1	-	FFAR2	HGNC	4501	YES	ENSP00000473159
ffar2_g37_59966510	19:35936691	G	ENSG00000126262	ENST00000601590	Transcript	intron_variant,non_coding_transcript_variant	-	-	-	-	-	-	MODIFIER	-	1	-	FFAR2	HGNC	4501	-	-
ffar2_g37_59966511	19:35936692	G	ENSG00000126262	ENST00000246549	Transcript	upstream_gene_variant	-	-	-	-	-	-	MODIFIER	3925	1	-	FFAR2	HGNC	4501	-	ENSP00000246549
ffar2_g37_59966511	19:35936692	G	ENSG00000126262	ENST00000599180	Transcript	upstream_gene_variant	-	-	-	-	-	-	MODIFIER	2511	1	-	FFAR2	HGNC	4501	YES	ENSP00000473159
ffar2_g37_59966511	19:35936692	G	ENSG00000126262	ENST00000601590	Transcript	intron_variant,non_coding_transcript_variant	-	-	-	-	-	-	MODIFIER	-	1	-	FFAR2	HGNC	4501	-	-
ffar2_g37_59966512	19:35936724	C	ENSG00000126262	ENST00000246549	Transcript	upstream_gene_variant	-	-	-	-	-	-	MODIFIER	3893	1	-	FFAR2	HGNC	4501	-	ENSP00000246549
ffar2_g37_59966512	19:35936724	C	ENSG00000126262	ENST00000599180	Transcript	upstream_gene_variant	-	-	-	-	-	-	MODIFIER	2479	1	-	FFAR2	HGNC	4501	YES	ENSP00000473159
ffar2_g37_59966512	19:35936724	C	ENSG00000126262	ENST00000601590	Transcript	intron_variant,non_coding_transcript_variant	-	-	-	-	-	-	MODIFIER	-	1	-	FFAR2	HGNC	4501	-	-
ffar2_g37_59966513	19:35936817	G	ENSG00000126262	ENST00000246549	Transcript	upstream_gene_variant	-	-	-	-	-	-	MODIFIER	3800	1	-	FFAR2	HGNC	4501	-	ENSP00000246549
ffar2_g37_59966513	19:35936817	G	ENSG00000126262	ENST00000599180	Transcript	upstream_gene_variant	-	-	-	-	-	-	MODIFIER	2386	1	-	FFAR2	HGNC	4501	YES	ENSP00000473159
ffar2_g37_59966513	19:35936817	G	ENSG00000126262	ENST00000601590	Transcript	intron_variant,non_coding_transcript_variant	-	-	-	-	-	-	MODIFIER	-	1	-	FFAR2	HGNC	4501	-	-
ffar2_g37_59966514	19:35936840	G	ENSG00000126262	ENST00000246549	Transcript	upstream_gene_variant	-	-	-	-	-	-	MODIFIER	3777	1	-	FFAR2	HGNC	4501	-	ENSP00000246549
ffar2_g37_59966514	19:35936840	G	ENSG00000126262	ENST00000599180	Transcript	upstream_gene_variant	-	-	-	-	-	-	MODIFIER	2363	1	-	FFAR2	HGNC	4501	YES	ENSP00000473159
ffar2_g37_59966514	19:35936840	G	ENSG00000126262	ENST00000601590	Transcript	intron_variant,non_coding_transcript_variant	-	-	-	-	-	-	MODIFIER	-	1	-	FFAR2	HGNC	4501	-	-
ffar2_g37_59966515	19:35936875	G	ENSG00000126262	ENST00000246549	Transcript	upstream_gene_variant	-	-	-	-	-	-	MODIFIER	3742	1	-	FFAR2	HGNC	4501	-	ENSP00000246549
ffar2_g37_59966515	19:35936875	G	ENSG00000126262	ENST00000599180	Transcript	upstream_gene_variant	-	-	-	-	-	-	MODIFIER	2328	1	-	FFAR2	HGNC	4501	YES	ENSP00000473159
ffar2_g37_59966515	19:35936875	G	ENSG00000126262	ENST00000601590	Transcript	intron_variant,non_coding_transcript_variant	-	-	-	-	-	-	MODIFIER	-	1	-	FFAR2	HGNC	4501	-	-
ffar2_g37_59966516	19:35936913	C	ENSG00000126262	ENST00000246549	Transcript	upstream_gene_variant	-	-	-	-	-	-	MODIFIER	3704	1	-	FFAR2	HGNC	4501	-	ENSP00000246549
ffar2_g37_59966516	19:35936913	C	ENSG00000126262	ENST00000599180	Transcript	upstream_gene_variant	-	-	-	-	-	-	MODIFIER	2290	1	-	FFAR2	HGNC	4501	YES	ENSP00000473159
ffar2_g37_59966516	19:35936913	C	ENSG00000126262	ENST00000601590	Transcript	intron_variant,non_coding_transcript_variant	-	-	-	-	-	-	MODIFIER	-	1	-	FFAR2	HGNC	4501	-	-
ffar2_g37_59966517	19:35936981	C	ENSG00000126262	ENST00000246549	Transcript	upstream_gene_variant	-	-	-	-	-	-	MODIFIER	3636	1	-	FFAR2	HGNC	4501	-	ENSP00000246549
ffar2_g37_59966517	19:35936981	C	ENSG00000126262	ENST00000599180	Transcript	upstream_gene_variant	-	-	-	-	-	-	MODIFIER	2222	1	-	FFAR2	HGNC	4501	YES	ENSP00000473159
ffar2_g37_59966517	19:35936981	C	ENSG00000126262	ENST00000601590	Transcript	intron_variant,non_coding_transcript_variant	-	-	-	-	-	-	MODIFIER	-	1	-	FFAR2	HGNC	4501	-	-
ffar2_g37_59966518	19:35937013	C	ENSG00000126262	ENST00000246549	Transcript	upstream_gene_variant	-	-	-	-	-	-	MODIFIER	3604	1	-	FFAR2	HGNC	4501	-	ENSP00000246549
ffar2_g37_59966518	19:35937013	C	ENSG00000126262	ENST00000599180	Transcript	upstream_gene_variant	-	-	-	-	-	-	MODIFIER	2190	1	-	FFAR2	HGNC	4501	YES	ENSP00000473159
ffar2_g37_59966518	19:35937013	C	ENSG00000126262	ENST00000601590	Transcript	intron_variant,non_coding_transcript_variant	-	-	-	-	-	-	MODIFIER	-	1	-	FFAR2	HGNC	4501	-	-
ffar2_g37_59966519	19:35937042	C	ENSG00000126262	ENST00000246549	Transcript	upstream_gene_variant	-	-	-	-	-	-	MODIFIER	3575	1	-	FFAR2	HGNC	4501	-	ENSP00000246549
ffar2_g37_59966519	19:35937042	C	ENSG00000126262	ENST00000599180	Transcript	upstream_gene_variant	-	-	-	-	-	-	MODIFIER	2161	1	-	FFAR2	HGNC	4501	YES	ENSP00000473159
ffar2_g37_59966519	19:35937042	C	ENSG00000126262	ENST00000601590	Transcript	intron_variant,non_coding_transcript_variant	-	-	-	-	-	-	MODIFIER	-	1	-	FFAR2	HGNC	4501	-	-
ffar2_g37_59966520	19:35937062	C	ENSG00000126262	ENST00000246549	Transcript	upstream_gene_variant	-	-	-	-	-	-	MODIFIER	3555	1	-	FFAR2	HGNC	4501	-	ENSP00000246549
ffar2_g37_59966520	19:35937062	C	ENSG00000126262	ENST00000599180	Transcript	upstream_gene_variant	-	-	-	-	-	-	MODIFIER	2141	1	-	FFAR2	HGNC	4501	YES	ENSP00000473159
ffar2_g37_59966520	19:35937062	C	ENSG00000126262	ENST00000601590	Transcript	intron_variant,non_coding_transcript_variant	-	-	-	-	-	-	MODIFIER	-	1	-	FFAR2	HGNC	4501	-	-
ffar2_g37_59966521	19:35937081	G	ENSG00000126262	ENST00000246549	Transcript	upstream_gene_variant	-	-	-	-	-	-	MODIFIER	3536	1	-	FFAR2	HGNC	4501	-	ENSP00000246549
ffar2_g37_59966521	19:35937081	G	ENSG00000126262	ENST00000599180	Transcript	upstream_gene_variant	-	-	-	-	-	-	MODIFIER	2122	1	-	FFAR2	HGNC	4501	YES	ENSP00000473159
ffar2_g37_59966521	19:35937081	G	ENSG00000126262	ENST00000601590	Transcript	intron_variant,non_coding_transcript_variant	-	-	-	-	-	-	MODIFIER	-	1	-	FFAR2	HGNC	4501	-	-
ffar2_g37_59966522	19:35937118	C	ENSG00000126262	ENST00000246549	Transcript	upstream_gene_variant	-	-	-	-	-	-	MODIFIER	3499	1	-	FFAR2	HGNC	4501	-	ENSP00000246549
ffar2_g37_59966522	19:35937118	C	ENSG00000126262	ENST00000599180	Transcript	upstream_gene_variant	-	-	-	-	-	-	MODIFIER	2085	1	-	FFAR2	HGNC	4501	YES	ENSP00000473159
ffar2_g37_59966522	19:35937118	C	ENSG00000126262	ENST00000601590	Transcript	intron_variant,non_coding_transcript_variant	-	-	-	-	-	-	MODIFIER	-	1	-	FFAR2	HGNC	4501	-	-
ffar2_g37_59966523	19:35937128	C	ENSG00000126262	ENST00000246549	Transcript	upstream_gene_variant	-	-	-	-	-	-	MODIFIER	3489	1	-	FFAR2	HGNC	4501	-	ENSP00000246549
ffar2_g37_59966523	19:35937128	C	ENSG00000126262	ENST00000599180	Transcript	upstream_gene_variant	-	-	-	-	-	-	MODIFIER	2075	1	-	FFAR2	HGNC	4501	YES	ENSP00000473159
ffar2_g37_59966523	19:35937128	C	ENSG00000126262	ENST00000601590	Transcript	intron_variant,non_coding_transcript_variant	-	-	-	-	-	-	MODIFIER	-	1	-	FFAR2	HGNC	4501	-	-
ffar2_g37_59966524	19:35937208	G	ENSG00000126262	ENST00000246549	Transcript	upstream_gene_variant	-	-	-	-	-	-	MODIFIER	3409	1	-	FFAR2	HGNC	4501	-	ENSP00000246549
ffar2_g37_59966524	19:35937208	G	ENSG00000126262	ENST00000599180	Transcript	upstream_gene_variant	-	-	-	-	-	-	MODIFIER	1995	1	-	FFAR2	HGNC	4501	YES	ENSP00000473159
ffar2_g37_59966524	19:35937208	G	ENSG00000126262	ENST00000601590	Transcript	intron_variant,non_coding_transcript_variant	-	-	-	-	-	-	MODIFIER	-	1	-	FFAR2	HGNC	4501	-	-
ffar2_g37_59966525	19:35937219	C	ENSG00000126262	ENST00000246549	Transcript	upstream_gene_variant	-	-	-	-	-	-	MODIFIER	3398	1	-	FFAR2	HGNC	4501	-	ENSP00000246549
ffar2_g37_59966525	19:35937219	C	ENSG00000126262	ENST00000599180	Transcript	upstream_gene_variant	-	-	-	-	-	-	MODIFIER	1984	1	-	FFAR2	HGNC	4501	YES	ENSP00000473159
ffar2_g37_59966525	19:35937219	C	ENSG00000126262	ENST00000601590	Transcript	intron_variant,non_coding_transcript_variant	-	-	-	-	-	-	MODIFIER	-	1	-	FFAR2	HGNC	4501	-	-
ffar2_g37_59966526	19:35937223	C	ENSG00000126262	ENST00000246549	Transcript	upstream_gene_variant	-	-	-	-	-	-	MODIFIER	3394	1	-	FFAR2	HGNC	4501	-	ENSP00000246549
ffar2_g37_59966526	19:35937223	C	ENSG00000126262	ENST00000599180	Transcript	upstream_gene_variant	-	-	-	-	-	-	MODIFIER	1980	1	-	FFAR2	HGNC	4501	YES	ENSP00000473159
ffar2_g37_59966526	19:35937223	C	ENSG00000126262	ENST00000601590	Transcript	intron_variant,non_coding_transcript_variant	-	-	-	-	-	-	MODIFIER	-	1	-	FFAR2	HGNC	4501	-	-
ffar2_g37_59966527	19:35937239	C	ENSG00000126262	ENST00000246549	Transcript	upstream_gene_variant	-	-	-	-	-	-	MODIFIER	3378	1	-	FFAR2	HGNC	4501	-	ENSP00000246549
ffar2_g37_59966527	19:35937239	C	ENSG00000126262	ENST00000599180	Transcript	upstream_gene_variant	-	-	-	-	-	-	MODIFIER	1964	1	-	FFAR2	HGNC	4501	YES	ENSP00000473159
ffar2_g37_59966527	19:35937239	C	ENSG00000126262	ENST00000601590	Transcript	intron_variant,non_coding_transcript_variant	-	-	-	-	-	-	MODIFIER	-	1	-	FFAR2	HGNC	4501	-	-
ffar2_g37_59966528	19:35937315	G	ENSG00000126262	ENST00000246549	Transcript	upstream_gene_variant	-	-	-	-	-	-	MODIFIER	3302	1	-	FFAR2	HGNC	4501	-	ENSP00000246549
ffar2_g37_59966528	19:35937315	G	ENSG00000126262	ENST00000599180	Transcript	upstream_gene_variant	-	-	-	-	-	-	MODIFIER	1888	1	-	FFAR2	HGNC	4501	YES	ENSP00000473159
ffar2_g37_59966528	19:35937315	G	ENSG00000126262	ENST00000601590	Transcript	intron_variant,non_coding_transcript_variant	-	-	-	-	-	-	MODIFIER	-	1	-	FFAR2	HGNC	4501	-	-
ffar2_g37_59966529	19:35937337	C	ENSG00000126262	ENST00000246549	Transcript	upstream_gene_variant	-	-	-	-	-	-	MODIFIER	3280	1	-	FFAR2	HGNC	4501	-	ENSP00000246549
ffar2_g37_59966529	19:35937337	C	ENSG00000126262	ENST00000599180	Transcript	upstream_gene_variant	-	-	-	-	-	-	MODIFIER	1866	1	-	FFAR2	HGNC	4501	YES	ENSP00000473159
ffar2_g37_59966529	19:35937337	C	ENSG00000126262	ENST00000601590	Transcript	intron_variant,non_coding_transcript_variant	-	-	-	-	-	-	MODIFIER	-	1	-	FFAR2	HGNC	4501	-	-
ffar2_g37_59966530	19:35937338	G	ENSG00000126262	ENST00000246549	Transcript	upstream_gene_variant	-	-	-	-	-	-	MODIFIER	3279	1	-	FFAR2	HGNC	4501	-	ENSP00000246549
ffar2_g37_59966530	19:35937338	G	ENSG00000126262	ENST00000599180	Transcript	upstream_gene_variant	-	-	-	-	-	-	MODIFIER	1865	1	-	FFAR2	HGNC	4501	YES	ENSP00000473159
ffar2_g37_59966530	19:35937338	G	ENSG00000126262	ENST00000601590	Transcript	intron_variant,non_coding_transcript_variant	-	-	-	-	-	-	MODIFIER	-	1	-	FFAR2	HGNC	4501	-	-
ffar2_g37_59966531	19:35937361	T	ENSG00000126262	ENST00000246549	Transcript	upstream_gene_variant	-	-	-	-	-	-	MODIFIER	3256	1	-	FFAR2	HGNC	4501	-	ENSP00000246549
ffar2_g37_59966531	19:35937361	T	ENSG00000126262	ENST00000599180	Transcript	upstream_gene_variant	-	-	-	-	-	-	MODIFIER	1842	1	-	FFAR2	HGNC	4501	YES	ENSP00000473159
ffar2_g37_59966531	19:35937361	T	ENSG00000126262	ENST00000601590	Transcript	intron_variant,non_coding_transcript_variant	-	-	-	-	-	-	MODIFIER	-	1	-	FFAR2	HGNC	4501	-	-
ffar2_g37_59966532	19:35937383	G	ENSG00000126262	ENST00000246549	Transcript	upstream_gene_variant	-	-	-	-	-	-	MODIFIER	3234	1	-	FFAR2	HGNC	4501	-	ENSP00000246549
ffar2_g37_59966532	19:35937383	G	ENSG00000126262	ENST00000599180	Transcript	upstream_gene_variant	-	-	-	-	-	-	MODIFIER	1820	1	-	FFAR2	HGNC	4501	YES	ENSP00000473159
ffar2_g37_59966532	19:35937383	G	ENSG00000126262	ENST00000601590	Transcript	intron_variant,non_coding_transcript_variant	-	-	-	-	-	-	MODIFIER	-	1	-	FFAR2	HGNC	4501	-	-
ffar2_g37_59966533	19:35937406	C	ENSG00000126262	ENST00000246549	Transcript	upstream_gene_variant	-	-	-	-	-	-	MODIFIER	3211	1	-	FFAR2	HGNC	4501	-	ENSP00000246549
ffar2_g37_59966533	19:35937406	C	ENSG00000126262	ENST00000599180	Transcript	upstream_gene_variant	-	-	-	-	-	-	MODIFIER	1797	1	-	FFAR2	HGNC	4501	YES	ENSP00000473159
ffar2_g37_59966533	19:35937406	C	ENSG00000126262	ENST00000601590	Transcript	intron_variant,non_coding_transcript_variant	-	-	-	-	-	-	MODIFIER	-	1	-	FFAR2	HGNC	4501	-	-
ffar2_g37_59966534	19:35937413	G	ENSG00000126262	ENST00000246549	Transcript	upstream_gene_variant	-	-	-	-	-	-	MODIFIER	3204	1	-	FFAR2	HGNC	4501	-	ENSP00000246549
ffar2_g37_59966534	19:35937413	G	ENSG00000126262	ENST00000599180	Transcript	upstream_gene_variant	-	-	-	-	-	-	MODIFIER	1790	1	-	FFAR2	HGNC	4501	YES	ENSP00000473159
ffar2_g37_59966534	19:35937413	G	ENSG00000126262	ENST00000601590	Transcript	intron_variant,non_coding_transcript_variant	-	-	-	-	-	-	MODIFIER	-	1	-	FFAR2	HGNC	4501	-	-
ffar2_g37_59966535	19:35937425	C	ENSG00000126262	ENST00000246549	Transcript	upstream_gene_variant	-	-	-	-	-	-	MODIFIER	3192	1	-	FFAR2	HGNC	4501	-	ENSP00000246549
ffar2_g37_59966535	19:35937425	C	ENSG00000126262	ENST00000599180	Transcript	upstream_gene_variant	-	-	-	-	-	-	MODIFIER	1778	1	-	FFAR2	HGNC	4501	YES	ENSP00000473159
ffar2_g37_59966535	19:35937425	C	ENSG00000126262	ENST00000601590	Transcript	intron_variant,non_coding_transcript_variant	-	-	-	-	-	-	MODIFIER	-	1	-	FFAR2	HGNC	4501	-	-
ffar2_g37_59966536	19:35937427	G	ENSG00000126262	ENST00000246549	Transcript	upstream_gene_variant	-	-	-	-	-	-	MODIFIER	3190	1	-	FFAR2	HGNC	4501	-	ENSP00000246549
ffar2_g37_59966536	19:35937427	G	ENSG00000126262	ENST00000599180	Transcript	upstream_gene_variant	-	-	-	-	-	-	MODIFIER	1776	1	-	FFAR2	HGNC	4501	YES	ENSP00000473159
ffar2_g37_59966536	19:35937427	G	ENSG00000126262	ENST00000601590	Transcript	intron_variant,non_coding_transcript_variant	-	-	-	-	-	-	MODIFIER	-	1	-	FFAR2	HGNC	4501	-	-
ffar2_g37_59966537	19:35937574	C	ENSG00000126262	ENST00000246549	Transcript	upstream_gene_variant	-	-	-	-	-	-	MODIFIER	3043	1	-	FFAR2	HGNC	4501	-	ENSP00000246549
ffar2_g37_59966537	19:35937574	C	ENSG00000126262	ENST00000599180	Transcript	upstream_gene_variant	-	-	-	-	-	-	MODIFIER	1629	1	-	FFAR2	HGNC	4501	YES	ENSP00000473159
ffar2_g37_59966537	19:35937574	C	ENSG00000126262	ENST00000601590	Transcript	intron_variant,non_coding_transcript_variant	-	-	-	-	-	-	MODIFIER	-	1	-	FFAR2	HGNC	4501	-	-
ffar2_g37_59966538	19:35937585	C	ENSG00000126262	ENST00000246549	Transcript	upstream_gene_variant	-	-	-	-	-	-	MODIFIER	3032	1	-	FFAR2	HGNC	4501	-	ENSP00000246549
ffar2_g37_59966538	19:35937585	C	ENSG00000126262	ENST00000599180	Transcript	upstream_gene_variant	-	-	-	-	-	-	MODIFIER	1618	1	-	FFAR2	HGNC	4501	YES	ENSP00000473159
ffar2_g37_59966538	19:35937585	C	ENSG00000126262	ENST00000601590	Transcript	intron_variant,non_coding_transcript_variant	-	-	-	-	-	-	MODIFIER	-	1	-	FFAR2	HGNC	4501	-	-
ffar2_g37_59966539	19:35937610	G	ENSG00000126262	ENST00000246549	Transcript	upstream_gene_variant	-	-	-	-	-	-	MODIFIER	3007	1	-	FFAR2	HGNC	4501	-	ENSP00000246549
ffar2_g37_59966539	19:35937610	G	ENSG00000126262	ENST00000599180	Transcript	upstream_gene_variant	-	-	-	-	-	-	MODIFIER	1593	1	-	FFAR2	HGNC	4501	YES	ENSP00000473159
ffar2_g37_59966539	19:35937610	G	ENSG00000126262	ENST00000601590	Transcript	intron_variant,non_coding_transcript_variant	-	-	-	-	-	-	MODIFIER	-	1	-	FFAR2	HGNC	4501	-	-
ffar2_g37_59966540	19:35937611	G	ENSG00000126262	ENST00000246549	Transcript	upstream_gene_variant	-	-	-	-	-	-	MODIFIER	3006	1	-	FFAR2	HGNC	4501	-	ENSP00000246549
ffar2_g37_59966540	19:35937611	G	ENSG00000126262	ENST00000599180	Transcript	upstream_gene_variant	-	-	-	-	-	-	MODIFIER	1592	1	-	FFAR2	HGNC	4501	YES	ENSP00000473159
ffar2_g37_59966540	19:35937611	G	ENSG00000126262	ENST00000601590	Transcript	intron_variant,non_coding_transcript_variant	-	-	-	-	-	-	MODIFIER	-	1	-	FFAR2	HGNC	4501	-	-
ffar2_g37_59966541	19:35937617	C	ENSG00000126262	ENST00000246549	Transcript	upstream_gene_variant	-	-	-	-	-	-	MODIFIER	3000	1	-	FFAR2	HGNC	4501	-	ENSP00000246549
ffar2_g37_59966541	19:35937617	C	ENSG00000126262	ENST00000599180	Transcript	upstream_gene_variant	-	-	-	-	-	-	MODIFIER	1586	1	-	FFAR2	HGNC	4501	YES	ENSP00000473159
ffar2_g37_59966541	19:35937617	C	ENSG00000126262	ENST00000601590	Transcript	intron_variant,non_coding_transcript_variant	-	-	-	-	-	-	MODIFIER	-	1	-	FFAR2	HGNC	4501	-	-
ffar2_g37_59966542	19:35937618	G	ENSG00000126262	ENST00000246549	Transcript	upstream_gene_variant	-	-	-	-	-	-	MODIFIER	2999	1	-	FFAR2	HGNC	4501	-	ENSP00000246549
ffar2_g37_59966542	19:35937618	G	ENSG00000126262	ENST00000599180	Transcript	upstream_gene_variant	-	-	-	-	-	-	MODIFIER	1585	1	-	FFAR2	HGNC	4501	YES	ENSP00000473159
ffar2_g37_59966542	19:35937618	G	ENSG00000126262	ENST00000601590	Transcript	intron_variant,non_coding_transcript_variant	-	-	-	-	-	-	MODIFIER	-	1	-	FFAR2	HGNC	4501	-	-
ffar2_g37_59966543	19:35937636	T	ENSG00000126262	ENST00000246549	Transcript	upstream_gene_variant	-	-	-	-	-	-	MODIFIER	2981	1	-	FFAR2	HGNC	4501	-	ENSP00000246549
ffar2_g37_59966543	19:35937636	T	ENSG00000126262	ENST00000599180	Transcript	upstream_gene_variant	-	-	-	-	-	-	MODIFIER	1567	1	-	FFAR2	HGNC	4501	YES	ENSP00000473159
ffar2_g37_59966543	19:35937636	T	ENSG00000126262	ENST00000601590	Transcript	intron_variant,non_coding_transcript_variant	-	-	-	-	-	-	MODIFIER	-	1	-	FFAR2	HGNC	4501	-	-
ffar2_g37_59966544	19:35937638	G	ENSG00000126262	ENST00000246549	Transcript	upstream_gene_variant	-	-	-	-	-	-	MODIFIER	2979	1	-	FFAR2	HGNC	4501	-	ENSP00000246549
ffar2_g37_59966544	19:35937638	G	ENSG00000126262	ENST00000599180	Transcript	upstream_gene_variant	-	-	-	-	-	-	MODIFIER	1565	1	-	FFAR2	HGNC	4501	YES	ENSP00000473159
ffar2_g37_59966544	19:35937638	G	ENSG00000126262	ENST00000601590	Transcript	intron_variant,non_coding_transcript_variant	-	-	-	-	-	-	MODIFIER	-	1	-	FFAR2	HGNC	4501	-	-
ffar2_g37_59966545	19:35937640	C	ENSG00000126262	ENST00000246549	Transcript	upstream_gene_variant	-	-	-	-	-	-	MODIFIER	2977	1	-	FFAR2	HGNC	4501	-	ENSP00000246549
ffar2_g37_59966545	19:35937640	C	ENSG00000126262	ENST00000599180	Transcript	upstream_gene_variant	-	-	-	-	-	-	MODIFIER	1563	1	-	FFAR2	HGNC	4501	YES	ENSP00000473159
ffar2_g37_59966545	19:35937640	C	ENSG00000126262	ENST00000601590	Transcript	intron_variant,non_coding_transcript_variant	-	-	-	-	-	-	MODIFIER	-	1	-	FFAR2	HGNC	4501	-	-
ffar2_g37_59966546	19:35937656-35937657	A	ENSG00000126262	ENST00000246549	Transcript	upstream_gene_variant	-	-	-	-	-	-	MODIFIER	2960	1	-	FFAR2	HGNC	4501	-	ENSP00000246549
ffar2_g37_59966546	19:35937656-35937657	A	ENSG00000126262	ENST00000599180	Transcript	upstream_gene_variant	-	-	-	-	-	-	MODIFIER	1546	1	-	FFAR2	HGNC	4501	YES	ENSP00000473159
ffar2_g37_59966546	19:35937656-35937657	A	ENSG00000126262	ENST00000601590	Transcript	intron_variant,non_coding_transcript_variant	-	-	-	-	-	-	MODIFIER	-	1	-	FFAR2	HGNC	4501	-	-
ffar2_g37_59966547	19:35937675	T	ENSG00000126262	ENST00000246549	Transcript	upstream_gene_variant	-	-	-	-	-	-	MODIFIER	2942	1	-	FFAR2	HGNC	4501	-	ENSP00000246549
ffar2_g37_59966547	19:35937675	T	ENSG00000126262	ENST00000599180	Transcript	upstream_gene_variant	-	-	-	-	-	-	MODIFIER	1528	1	-	FFAR2	HGNC	4501	YES	ENSP00000473159
ffar2_g37_59966547	19:35937675	T	ENSG00000126262	ENST00000601590	Transcript	intron_variant,non_coding_transcript_variant	-	-	-	-	-	-	MODIFIER	-	1	-	FFAR2	HGNC	4501	-	-
ffar2_g37_59966548	19:35937692	T	ENSG00000126262	ENST00000246549	Transcript	upstream_gene_variant	-	-	-	-	-	-	MODIFIER	2925	1	-	FFAR2	HGNC	4501	-	ENSP00000246549
ffar2_g37_59966548	19:35937692	T	ENSG00000126262	ENST00000599180	Transcript	upstream_gene_variant	-	-	-	-	-	-	MODIFIER	1511	1	-	FFAR2	HGNC	4501	YES	ENSP00000473159
ffar2_g37_59966548	19:35937692	T	ENSG00000126262	ENST00000601590	Transcript	intron_variant,non_coding_transcript_variant	-	-	-	-	-	-	MODIFIER	-	1	-	FFAR2	HGNC	4501	-	-
ffar2_g37_59966549	19:35937693	C	ENSG00000126262	ENST00000246549	Transcript	upstream_gene_variant	-	-	-	-	-	-	MODIFIER	2924	1	-	FFAR2	HGNC	4501	-	ENSP00000246549
ffar2_g37_59966549	19:35937693	C	ENSG00000126262	ENST00000599180	Transcript	upstream_gene_variant	-	-	-	-	-	-	MODIFIER	1510	1	-	FFAR2	HGNC	4501	YES	ENSP00000473159
ffar2_g37_59966549	19:35937693	C	ENSG00000126262	ENST00000601590	Transcript	intron_variant,non_coding_transcript_variant	-	-	-	-	-	-	MODIFIER	-	1	-	FFAR2	HGNC	4501	-	-
ffar2_g37_59966550	19:35937697	G	ENSG00000126262	ENST00000246549	Transcript	upstream_gene_variant	-	-	-	-	-	-	MODIFIER	2920	1	-	FFAR2	HGNC	4501	-	ENSP00000246549
ffar2_g37_59966550	19:35937697	G	ENSG00000126262	ENST00000599180	Transcript	upstream_gene_variant	-	-	-	-	-	-	MODIFIER	1506	1	-	FFAR2	HGNC	4501	YES	ENSP00000473159
ffar2_g37_59966550	19:35937697	G	ENSG00000126262	ENST00000601590	Transcript	intron_variant,non_coding_transcript_variant	-	-	-	-	-	-	MODIFIER	-	1	-	FFAR2	HGNC	4501	-	-
ffar2_g37_59966551	19:35937709	C	ENSG00000126262	ENST00000246549	Transcript	upstream_gene_variant	-	-	-	-	-	-	MODIFIER	2908	1	-	FFAR2	HGNC	4501	-	ENSP00000246549
ffar2_g37_59966551	19:35937709	C	ENSG00000126262	ENST00000599180	Transcript	upstream_gene_variant	-	-	-	-	-	-	MODIFIER	1494	1	-	FFAR2	HGNC	4501	YES	ENSP00000473159
ffar2_g37_59966551	19:35937709	C	ENSG00000126262	ENST00000601590	Transcript	intron_variant,non_coding_transcript_variant	-	-	-	-	-	-	MODIFIER	-	1	-	FFAR2	HGNC	4501	-	-
ffar2_g37_59966552	19:35937738	C	ENSG00000126262	ENST00000246549	Transcript	upstream_gene_variant	-	-	-	-	-	-	MODIFIER	2879	1	-	FFAR2	HGNC	4501	-	ENSP00000246549
ffar2_g37_59966552	19:35937738	C	ENSG00000126262	ENST00000599180	Transcript	upstream_gene_variant	-	-	-	-	-	-	MODIFIER	1465	1	-	FFAR2	HGNC	4501	YES	ENSP00000473159
ffar2_g37_59966552	19:35937738	C	ENSG00000126262	ENST00000601590	Transcript	intron_variant,non_coding_transcript_variant	-	-	-	-	-	-	MODIFIER	-	1	-	FFAR2	HGNC	4501	-	-
ffar2_g37_59966553	19:35937761	C	ENSG00000126262	ENST00000246549	Transcript	upstream_gene_variant	-	-	-	-	-	-	MODIFIER	2856	1	-	FFAR2	HGNC	4501	-	ENSP00000246549
ffar2_g37_59966553	19:35937761	C	ENSG00000126262	ENST00000599180	Transcript	upstream_gene_variant	-	-	-	-	-	-	MODIFIER	1442	1	-	FFAR2	HGNC	4501	YES	ENSP00000473159
ffar2_g37_59966553	19:35937761	C	ENSG00000126262	ENST00000601590	Transcript	intron_variant,non_coding_transcript_variant	-	-	-	-	-	-	MODIFIER	-	1	-	FFAR2	HGNC	4501	-	-
ffar2_g37_59966554	19:35937766	G	ENSG00000126262	ENST00000246549	Transcript	upstream_gene_variant	-	-	-	-	-	-	MODIFIER	2851	1	-	FFAR2	HGNC	4501	-	ENSP00000246549
ffar2_g37_59966554	19:35937766	G	ENSG00000126262	ENST00000599180	Transcript	upstream_gene_variant	-	-	-	-	-	-	MODIFIER	1437	1	-	FFAR2	HGNC	4501	YES	ENSP00000473159
ffar2_g37_59966554	19:35937766	G	ENSG00000126262	ENST00000601590	Transcript	intron_variant,non_coding_transcript_variant	-	-	-	-	-	-	MODIFIER	-	1	-	FFAR2	HGNC	4501	-	-
ffar2_g37_59966555	19:35937795	C	ENSG00000126262	ENST00000246549	Transcript	upstream_gene_variant	-	-	-	-	-	-	MODIFIER	2822	1	-	FFAR2	HGNC	4501	-	ENSP00000246549
ffar2_g37_59966555	19:35937795	C	ENSG00000126262	ENST00000599180	Transcript	upstream_gene_variant	-	-	-	-	-	-	MODIFIER	1408	1	-	FFAR2	HGNC	4501	YES	ENSP00000473159
ffar2_g37_59966555	19:35937795	C	ENSG00000126262	ENST00000601590	Transcript	intron_variant,non_coding_transcript_variant	-	-	-	-	-	-	MODIFIER	-	1	-	FFAR2	HGNC	4501	-	-
ffar2_g37_59966556	19:35937799	G	ENSG00000126262	ENST00000246549	Transcript	upstream_gene_variant	-	-	-	-	-	-	MODIFIER	2818	1	-	FFAR2	HGNC	4501	-	ENSP00000246549
ffar2_g37_59966556	19:35937799	G	ENSG00000126262	ENST00000599180	Transcript	upstream_gene_variant	-	-	-	-	-	-	MODIFIER	1404	1	-	FFAR2	HGNC	4501	YES	ENSP00000473159
ffar2_g37_59966556	19:35937799	G	ENSG00000126262	ENST00000601590	Transcript	intron_variant,non_coding_transcript_variant	-	-	-	-	-	-	MODIFIER	-	1	-	FFAR2	HGNC	4501	-	-
ffar2_g37_59966557	19:35937806	C	ENSG00000126262	ENST00000246549	Transcript	upstream_gene_variant	-	-	-	-	-	-	MODIFIER	2811	1	-	FFAR2	HGNC	4501	-	ENSP00000246549
ffar2_g37_59966557	19:35937806	C	ENSG00000126262	ENST00000599180	Transcript	upstream_gene_variant	-	-	-	-	-	-	MODIFIER	1397	1	-	FFAR2	HGNC	4501	YES	ENSP00000473159
ffar2_g37_59966557	19:35937806	C	ENSG00000126262	ENST00000601590	Transcript	intron_variant,non_coding_transcript_variant	-	-	-	-	-	-	MODIFIER	-	1	-	FFAR2	HGNC	4501	-	-
ffar2_g37_59966558	19:35937808	C	ENSG00000126262	ENST00000246549	Transcript	upstream_gene_variant	-	-	-	-	-	-	MODIFIER	2809	1	-	FFAR2	HGNC	4501	-	ENSP00000246549
ffar2_g37_59966558	19:35937808	C	ENSG00000126262	ENST00000599180	Transcript	upstream_gene_variant	-	-	-	-	-	-	MODIFIER	1395	1	-	FFAR2	HGNC	4501	YES	ENSP00000473159
ffar2_g37_59966558	19:35937808	C	ENSG00000126262	ENST00000601590	Transcript	intron_variant,non_coding_transcript_variant	-	-	-	-	-	-	MODIFIER	-	1	-	FFAR2	HGNC	4501	-	-
ffar2_g37_59966559	19:35937809	G	ENSG00000126262	ENST00000246549	Transcript	upstream_gene_variant	-	-	-	-	-	-	MODIFIER	2808	1	-	FFAR2	HGNC	4501	-	ENSP00000246549
ffar2_g37_59966559	19:35937809	G	ENSG00000126262	ENST00000599180	Transcript	upstream_gene_variant	-	-	-	-	-	-	MODIFIER	1394	1	-	FFAR2	HGNC	4501	YES	ENSP00000473159
ffar2_g37_59966559	19:35937809	G	ENSG00000126262	ENST00000601590	Transcript	intron_variant,non_coding_transcript_variant	-	-	-	-	-	-	MODIFIER	-	1	-	FFAR2	HGNC	4501	-	-
ffar2_g37_59966560	19:35937819	C	ENSG00000126262	ENST00000246549	Transcript	upstream_gene_variant	-	-	-	-	-	-	MODIFIER	2798	1	-	FFAR2	HGNC	4501	-	ENSP00000246549
ffar2_g37_59966560	19:35937819	C	ENSG00000126262	ENST00000599180	Transcript	upstream_gene_variant	-	-	-	-	-	-	MODIFIER	1384	1	-	FFAR2	HGNC	4501	YES	ENSP00000473159
ffar2_g37_59966560	19:35937819	C	ENSG00000126262	ENST00000601590	Transcript	intron_variant,non_coding_transcript_variant	-	-	-	-	-	-	MODIFIER	-	1	-	FFAR2	HGNC	4501	-	-
ffar2_g37_59966561	19:35937820	G	ENSG00000126262	ENST00000246549	Transcript	upstream_gene_variant	-	-	-	-	-	-	MODIFIER	2797	1	-	FFAR2	HGNC	4501	-	ENSP00000246549
ffar2_g37_59966561	19:35937820	G	ENSG00000126262	ENST00000599180	Transcript	upstream_gene_variant	-	-	-	-	-	-	MODIFIER	1383	1	-	FFAR2	HGNC	4501	YES	ENSP00000473159
ffar2_g37_59966561	19:35937820	G	ENSG00000126262	ENST00000601590	Transcript	intron_variant,non_coding_transcript_variant	-	-	-	-	-	-	MODIFIER	-	1	-	FFAR2	HGNC	4501	-	-
ffar2_g37_59966562	19:35937825	G	ENSG00000126262	ENST00000246549	Transcript	upstream_gene_variant	-	-	-	-	-	-	MODIFIER	2792	1	-	FFAR2	HGNC	4501	-	ENSP00000246549
ffar2_g37_59966562	19:35937825	G	ENSG00000126262	ENST00000599180	Transcript	upstream_gene_variant	-	-	-	-	-	-	MODIFIER	1378	1	-	FFAR2	HGNC	4501	YES	ENSP00000473159
ffar2_g37_59966562	19:35937825	G	ENSG00000126262	ENST00000601590	Transcript	intron_variant,non_coding_transcript_variant	-	-	-	-	-	-	MODIFIER	-	1	-	FFAR2	HGNC	4501	-	-
ffar2_g37_59966563	19:35937828	C	ENSG00000126262	ENST00000246549	Transcript	upstream_gene_variant	-	-	-	-	-	-	MODIFIER	2789	1	-	FFAR2	HGNC	4501	-	ENSP00000246549
ffar2_g37_59966563	19:35937828	C	ENSG00000126262	ENST00000599180	Transcript	upstream_gene_variant	-	-	-	-	-	-	MODIFIER	1375	1	-	FFAR2	HGNC	4501	YES	ENSP00000473159
ffar2_g37_59966563	19:35937828	C	ENSG00000126262	ENST00000601590	Transcript	intron_variant,non_coding_transcript_variant	-	-	-	-	-	-	MODIFIER	-	1	-	FFAR2	HGNC	4501	-	-
ffar2_g37_59966564	19:35937860	C	ENSG00000126262	ENST00000246549	Transcript	upstream_gene_variant	-	-	-	-	-	-	MODIFIER	2757	1	-	FFAR2	HGNC	4501	-	ENSP00000246549
ffar2_g37_59966564	19:35937860	C	ENSG00000126262	ENST00000599180	Transcript	upstream_gene_variant	-	-	-	-	-	-	MODIFIER	1343	1	-	FFAR2	HGNC	4501	YES	ENSP00000473159
ffar2_g37_59966564	19:35937860	C	ENSG00000126262	ENST00000601590	Transcript	intron_variant,non_coding_transcript_variant	-	-	-	-	-	-	MODIFIER	-	1	-	FFAR2	HGNC	4501	-	-
ffar2_g37_59966565	19:35937869	C	ENSG00000126262	ENST00000246549	Transcript	upstream_gene_variant	-	-	-	-	-	-	MODIFIER	2748	1	-	FFAR2	HGNC	4501	-	ENSP00000246549
ffar2_g37_59966565	19:35937869	C	ENSG00000126262	ENST00000599180	Transcript	upstream_gene_variant	-	-	-	-	-	-	MODIFIER	1334	1	-	FFAR2	HGNC	4501	YES	ENSP00000473159
ffar2_g37_59966565	19:35937869	C	ENSG00000126262	ENST00000601590	Transcript	intron_variant,non_coding_transcript_variant	-	-	-	-	-	-	MODIFIER	-	1	-	FFAR2	HGNC	4501	-	-
ffar2_g37_59966566	19:35937908	C	ENSG00000126262	ENST00000246549	Transcript	upstream_gene_variant	-	-	-	-	-	-	MODIFIER	2709	1	-	FFAR2	HGNC	4501	-	ENSP00000246549
ffar2_g37_59966566	19:35937908	C	ENSG00000126262	ENST00000599180	Transcript	upstream_gene_variant	-	-	-	-	-	-	MODIFIER	1295	1	-	FFAR2	HGNC	4501	YES	ENSP00000473159
ffar2_g37_59966566	19:35937908	C	ENSG00000126262	ENST00000601590	Transcript	intron_variant,non_coding_transcript_variant	-	-	-	-	-	-	MODIFIER	-	1	-	FFAR2	HGNC	4501	-	-
ffar2_g37_59966567	19:35937918	C	ENSG00000126262	ENST00000246549	Transcript	upstream_gene_variant	-	-	-	-	-	-	MODIFIER	2699	1	-	FFAR2	HGNC	4501	-	ENSP00000246549
ffar2_g37_59966567	19:35937918	C	ENSG00000126262	ENST00000599180	Transcript	upstream_gene_variant	-	-	-	-	-	-	MODIFIER	1285	1	-	FFAR2	HGNC	4501	YES	ENSP00000473159
ffar2_g37_59966567	19:35937918	C	ENSG00000126262	ENST00000601590	Transcript	intron_variant,non_coding_transcript_variant	-	-	-	-	-	-	MODIFIER	-	1	-	FFAR2	HGNC	4501	-	-
ffar2_g37_59966568	19:35937931	-	ENSG00000126262	ENST00000246549	Transcript	upstream_gene_variant	-	-	-	-	-	-	MODIFIER	2686	1	-	FFAR2	HGNC	4501	-	ENSP00000246549
ffar2_g37_59966568	19:35937931	-	ENSG00000126262	ENST00000599180	Transcript	upstream_gene_variant	-	-	-	-	-	-	MODIFIER	1272	1	-	FFAR2	HGNC	4501	YES	ENSP00000473159
ffar2_g37_59966568	19:35937931	-	ENSG00000126262	ENST00000601590	Transcript	intron_variant,non_coding_transcript_variant	-	-	-	-	-	-	MODIFIER	-	1	-	FFAR2	HGNC	4501	-	-
ffar2_g37_59966569	19:35937934	G	ENSG00000126262	ENST00000246549	Transcript	upstream_gene_variant	-	-	-	-	-	-	MODIFIER	2683	1	-	FFAR2	HGNC	4501	-	ENSP00000246549
ffar2_g37_59966569	19:35937934	G	ENSG00000126262	ENST00000599180	Transcript	upstream_gene_variant	-	-	-	-	-	-	MODIFIER	1269	1	-	FFAR2	HGNC	4501	YES	ENSP00000473159
ffar2_g37_59966569	19:35937934	G	ENSG00000126262	ENST00000601590	Transcript	intron_variant,non_coding_transcript_variant	-	-	-	-	-	-	MODIFIER	-	1	-	FFAR2	HGNC	4501	-	-
ffar2_g37_59966570	19:35937968	G	ENSG00000126262	ENST00000246549	Transcript	upstream_gene_variant	-	-	-	-	-	-	MODIFIER	2649	1	-	FFAR2	HGNC	4501	-	ENSP00000246549
ffar2_g37_59966570	19:35937968	G	ENSG00000126262	ENST00000599180	Transcript	upstream_gene_variant	-	-	-	-	-	-	MODIFIER	1235	1	-	FFAR2	HGNC	4501	YES	ENSP00000473159
ffar2_g37_59966570	19:35937968	G	ENSG00000126262	ENST00000601590	Transcript	intron_variant,non_coding_transcript_variant	-	-	-	-	-	-	MODIFIER	-	1	-	FFAR2	HGNC	4501	-	-
ffar2_g37_59966571	19:35937970	C	ENSG00000126262	ENST00000246549	Transcript	upstream_gene_variant	-	-	-	-	-	-	MODIFIER	2647	1	-	FFAR2	HGNC	4501	-	ENSP00000246549
ffar2_g37_59966571	19:35937970	C	ENSG00000126262	ENST00000599180	Transcript	upstream_gene_variant	-	-	-	-	-	-	MODIFIER	1233	1	-	FFAR2	HGNC	4501	YES	ENSP00000473159
ffar2_g37_59966571	19:35937970	C	ENSG00000126262	ENST00000601590	Transcript	intron_variant,non_coding_transcript_variant	-	-	-	-	-	-	MODIFIER	-	1	-	FFAR2	HGNC	4501	-	-
ffar2_g37_59966572	19:35937997	C	ENSG00000126262	ENST00000246549	Transcript	upstream_gene_variant	-	-	-	-	-	-	MODIFIER	2620	1	-	FFAR2	HGNC	4501	-	ENSP00000246549
ffar2_g37_59966572	19:35937997	C	ENSG00000126262	ENST00000599180	Transcript	upstream_gene_variant	-	-	-	-	-	-	MODIFIER	1206	1	-	FFAR2	HGNC	4501	YES	ENSP00000473159
ffar2_g37_59966572	19:35937997	C	ENSG00000126262	ENST00000601590	Transcript	intron_variant,non_coding_transcript_variant	-	-	-	-	-	-	MODIFIER	-	1	-	FFAR2	HGNC	4501	-	-
ffar2_g37_59966573	19:35938020	C	ENSG00000126262	ENST00000246549	Transcript	upstream_gene_variant	-	-	-	-	-	-	MODIFIER	2597	1	-	FFAR2	HGNC	4501	-	ENSP00000246549
ffar2_g37_59966573	19:35938020	C	ENSG00000126262	ENST00000599180	Transcript	upstream_gene_variant	-	-	-	-	-	-	MODIFIER	1183	1	-	FFAR2	HGNC	4501	YES	ENSP00000473159
ffar2_g37_59966573	19:35938020	C	ENSG00000126262	ENST00000601590	Transcript	intron_variant,non_coding_transcript_variant	-	-	-	-	-	-	MODIFIER	-	1	-	FFAR2	HGNC	4501	-	-
ffar2_g37_59966574	19:35938066	C	ENSG00000126262	ENST00000246549	Transcript	upstream_gene_variant	-	-	-	-	-	-	MODIFIER	2551	1	-	FFAR2	HGNC	4501	-	ENSP00000246549
ffar2_g37_59966574	19:35938066	C	ENSG00000126262	ENST00000599180	Transcript	upstream_gene_variant	-	-	-	-	-	-	MODIFIER	1137	1	-	FFAR2	HGNC	4501	YES	ENSP00000473159
ffar2_g37_59966574	19:35938066	C	ENSG00000126262	ENST00000601590	Transcript	intron_variant,non_coding_transcript_variant	-	-	-	-	-	-	MODIFIER	-	1	-	FFAR2	HGNC	4501	-	-
ffar2_g37_59966575	19:35938093	G	ENSG00000126262	ENST00000246549	Transcript	upstream_gene_variant	-	-	-	-	-	-	MODIFIER	2524	1	-	FFAR2	HGNC	4501	-	ENSP00000246549
ffar2_g37_59966575	19:35938093	G	ENSG00000126262	ENST00000599180	Transcript	upstream_gene_variant	-	-	-	-	-	-	MODIFIER	1110	1	-	FFAR2	HGNC	4501	YES	ENSP00000473159
ffar2_g37_59966575	19:35938093	G	ENSG00000126262	ENST00000601590	Transcript	intron_variant,non_coding_transcript_variant	-	-	-	-	-	-	MODIFIER	-	1	-	FFAR2	HGNC	4501	-	-
ffar2_g37_59966576	19:35938102	C	ENSG00000126262	ENST00000246549	Transcript	upstream_gene_variant	-	-	-	-	-	-	MODIFIER	2515	1	-	FFAR2	HGNC	4501	-	ENSP00000246549
ffar2_g37_59966576	19:35938102	C	ENSG00000126262	ENST00000599180	Transcript	upstream_gene_variant	-	-	-	-	-	-	MODIFIER	1101	1	-	FFAR2	HGNC	4501	YES	ENSP00000473159
ffar2_g37_59966576	19:35938102	C	ENSG00000126262	ENST00000601590	Transcript	intron_variant,non_coding_transcript_variant	-	-	-	-	-	-	MODIFIER	-	1	-	FFAR2	HGNC	4501	-	-
ffar2_g37_59966577	19:35938186-35938195	-	ENSG00000126262	ENST00000246549	Transcript	upstream_gene_variant	-	-	-	-	-	-	MODIFIER	2422	1	-	FFAR2	HGNC	4501	-	ENSP00000246549
ffar2_g37_59966577	19:35938186-35938195	-	ENSG00000126262	ENST00000599180	Transcript	upstream_gene_variant	-	-	-	-	-	-	MODIFIER	1008	1	-	FFAR2	HGNC	4501	YES	ENSP00000473159
ffar2_g37_59966577	19:35938186-35938195	-	ENSG00000126262	ENST00000601590	Transcript	intron_variant,non_coding_transcript_variant	-	-	-	-	-	-	MODIFIER	-	1	-	FFAR2	HGNC	4501	-	-
ffar2_g37_59966578	19:35938225	C	ENSG00000126262	ENST00000246549	Transcript	upstream_gene_variant	-	-	-	-	-	-	MODIFIER	2392	1	-	FFAR2	HGNC	4501	-	ENSP00000246549
ffar2_g37_59966578	19:35938225	C	ENSG00000126262	ENST00000599180	Transcript	upstream_gene_variant	-	-	-	-	-	-	MODIFIER	978	1	-	FFAR2	HGNC	4501	YES	ENSP00000473159
ffar2_g37_59966578	19:35938225	C	ENSG00000126262	ENST00000601590	Transcript	intron_variant,non_coding_transcript_variant	-	-	-	-	-	-	MODIFIER	-	1	-	FFAR2	HGNC	4501	-	-
ffar2_g37_59966579	19:35938253-35938254	ACTG	ENSG00000126262	ENST00000246549	Transcript	upstream_gene_variant	-	-	-	-	-	-	MODIFIER	2363	1	-	FFAR2	HGNC	4501	-	ENSP00000246549
ffar2_g37_59966579	19:35938253-35938254	ACTG	ENSG00000126262	ENST00000599180	Transcript	upstream_gene_variant	-	-	-	-	-	-	MODIFIER	949	1	-	FFAR2	HGNC	4501	YES	ENSP00000473159
ffar2_g37_59966579	19:35938253-35938254	ACTG	ENSG00000126262	ENST00000601590	Transcript	intron_variant,non_coding_transcript_variant	-	-	-	-	-	-	MODIFIER	-	1	-	FFAR2	HGNC	4501	-	-
ffar2_g37_59966580	19:35938329-35938330	TC	ENSG00000126262	ENST00000246549	Transcript	upstream_gene_variant	-	-	-	-	-	-	MODIFIER	2287	1	-	FFAR2	HGNC	4501	-	ENSP00000246549
ffar2_g37_59966580	19:35938329-35938330	TC	ENSG00000126262	ENST00000599180	Transcript	upstream_gene_variant	-	-	-	-	-	-	MODIFIER	873	1	-	FFAR2	HGNC	4501	YES	ENSP00000473159
ffar2_g37_59966580	19:35938329-35938330	TC	ENSG00000126262	ENST00000601590	Transcript	intron_variant,non_coding_transcript_variant	-	-	-	-	-	-	MODIFIER	-	1	-	FFAR2	HGNC	4501	-	-
ffar2_g37_59966581	19:35938379-35938380	TC	ENSG00000126262	ENST00000246549	Transcript	upstream_gene_variant	-	-	-	-	-	-	MODIFIER	2237	1	-	FFAR2	HGNC	4501	-	ENSP00000246549
ffar2_g37_59966581	19:35938379-35938380	TC	ENSG00000126262	ENST00000599180	Transcript	upstream_gene_variant	-	-	-	-	-	-	MODIFIER	823	1	-	FFAR2	HGNC	4501	YES	ENSP00000473159
ffar2_g37_59966581	19:35938379-35938380	TC	ENSG00000126262	ENST00000601590	Transcript	intron_variant,non_coding_transcript_variant	-	-	-	-	-	-	MODIFIER	-	1	-	FFAR2	HGNC	4501	-	-
ffar2_g37_59966582	19:35938411	G	ENSG00000126262	ENST00000246549	Transcript	upstream_gene_variant	-	-	-	-	-	-	MODIFIER	2206	1	-	FFAR2	HGNC	4501	-	ENSP00000246549
ffar2_g37_59966582	19:35938411	G	ENSG00000126262	ENST00000599180	Transcript	upstream_gene_variant	-	-	-	-	-	-	MODIFIER	792	1	-	FFAR2	HGNC	4501	YES	ENSP00000473159
ffar2_g37_59966582	19:35938411	G	ENSG00000126262	ENST00000601590	Transcript	intron_variant,non_coding_transcript_variant	-	-	-	-	-	-	MODIFIER	-	1	-	FFAR2	HGNC	4501	-	-
ffar2_g37_59966583	19:35938414	T	ENSG00000126262	ENST00000246549	Transcript	upstream_gene_variant	-	-	-	-	-	-	MODIFIER	2203	1	-	FFAR2	HGNC	4501	-	ENSP00000246549
ffar2_g37_59966583	19:35938414	T	ENSG00000126262	ENST00000599180	Transcript	upstream_gene_variant	-	-	-	-	-	-	MODIFIER	789	1	-	FFAR2	HGNC	4501	YES	ENSP00000473159
ffar2_g37_59966583	19:35938414	T	ENSG00000126262	ENST00000601590	Transcript	intron_variant,non_coding_transcript_variant	-	-	-	-	-	-	MODIFIER	-	1	-	FFAR2	HGNC	4501	-	-
ffar2_g37_59966584	19:35938418	G	ENSG00000126262	ENST00000246549	Transcript	upstream_gene_variant	-	-	-	-	-	-	MODIFIER	2199	1	-	FFAR2	HGNC	4501	-	ENSP00000246549
ffar2_g37_59966584	19:35938418	G	ENSG00000126262	ENST00000599180	Transcript	upstream_gene_variant	-	-	-	-	-	-	MODIFIER	785	1	-	FFAR2	HGNC	4501	YES	ENSP00000473159
ffar2_g37_59966584	19:35938418	G	ENSG00000126262	ENST00000601590	Transcript	intron_variant,non_coding_transcript_variant	-	-	-	-	-	-	MODIFIER	-	1	-	FFAR2	HGNC	4501	-	-
ffar2_g37_59966585	19:35938452	G	ENSG00000126262	ENST00000246549	Transcript	upstream_gene_variant	-	-	-	-	-	-	MODIFIER	2165	1	-	FFAR2	HGNC	4501	-	ENSP00000246549
ffar2_g37_59966585	19:35938452	G	ENSG00000126262	ENST00000599180	Transcript	upstream_gene_variant	-	-	-	-	-	-	MODIFIER	751	1	-	FFAR2	HGNC	4501	YES	ENSP00000473159
ffar2_g37_59966585	19:35938452	G	ENSG00000126262	ENST00000601590	Transcript	intron_variant,non_coding_transcript_variant	-	-	-	-	-	-	MODIFIER	-	1	-	FFAR2	HGNC	4501	-	-
ffar2_g37_59966586	19:35938474-35938475	TCTC	ENSG00000126262	ENST00000246549	Transcript	upstream_gene_variant	-	-	-	-	-	-	MODIFIER	2142	1	-	FFAR2	HGNC	4501	-	ENSP00000246549
ffar2_g37_59966586	19:35938474-35938475	TCTC	ENSG00000126262	ENST00000599180	Transcript	upstream_gene_variant	-	-	-	-	-	-	MODIFIER	728	1	-	FFAR2	HGNC	4501	YES	ENSP00000473159
ffar2_g37_59966586	19:35938474-35938475	TCTC	ENSG00000126262	ENST00000601590	Transcript	intron_variant,non_coding_transcript_variant	-	-	-	-	-	-	MODIFIER	-	1	-	FFAR2	HGNC	4501	-	-
ffar2_g37_59966587	19:35938532	G	ENSG00000126262	ENST00000246549	Transcript	upstream_gene_variant	-	-	-	-	-	-	MODIFIER	2085	1	-	FFAR2	HGNC	4501	-	ENSP00000246549
ffar2_g37_59966587	19:35938532	G	ENSG00000126262	ENST00000599180	Transcript	upstream_gene_variant	-	-	-	-	-	-	MODIFIER	671	1	-	FFAR2	HGNC	4501	YES	ENSP00000473159
ffar2_g37_59966587	19:35938532	G	ENSG00000126262	ENST00000601590	Transcript	intron_variant,non_coding_transcript_variant	-	-	-	-	-	-	MODIFIER	-	1	-	FFAR2	HGNC	4501	-	-
ffar2_g37_59966588	19:35938558	G	ENSG00000126262	ENST00000246549	Transcript	upstream_gene_variant	-	-	-	-	-	-	MODIFIER	2059	1	-	FFAR2	HGNC	4501	-	ENSP00000246549
ffar2_g37_59966588	19:35938558	G	ENSG00000126262	ENST00000599180	Transcript	upstream_gene_variant	-	-	-	-	-	-	MODIFIER	645	1	-	FFAR2	HGNC	4501	YES	ENSP00000473159
ffar2_g37_59966588	19:35938558	G	ENSG00000126262	ENST00000601590	Transcript	intron_variant,non_coding_transcript_variant	-	-	-	-	-	-	MODIFIER	-	1	-	FFAR2	HGNC	4501	-	-
ffar2_g37_59966589	19:35938586	G	ENSG00000126262	ENST00000246549	Transcript	upstream_gene_variant	-	-	-	-	-	-	MODIFIER	2031	1	-	FFAR2	HGNC	4501	-	ENSP00000246549
ffar2_g37_59966589	19:35938586	G	ENSG00000126262	ENST00000599180	Transcript	upstream_gene_variant	-	-	-	-	-	-	MODIFIER	617	1	-	FFAR2	HGNC	4501	YES	ENSP00000473159
ffar2_g37_59966589	19:35938586	G	ENSG00000126262	ENST00000601590	Transcript	intron_variant,non_coding_transcript_variant	-	-	-	-	-	-	MODIFIER	-	1	-	FFAR2	HGNC	4501	-	-
ffar2_g37_59966590	19:35938593	C	ENSG00000126262	ENST00000246549	Transcript	upstream_gene_variant	-	-	-	-	-	-	MODIFIER	2024	1	-	FFAR2	HGNC	4501	-	ENSP00000246549
ffar2_g37_59966590	19:35938593	C	ENSG00000126262	ENST00000599180	Transcript	upstream_gene_variant	-	-	-	-	-	-	MODIFIER	610	1	-	FFAR2	HGNC	4501	YES	ENSP00000473159
ffar2_g37_59966590	19:35938593	C	ENSG00000126262	ENST00000601590	Transcript	intron_variant,non_coding_transcript_variant	-	-	-	-	-	-	MODIFIER	-	1	-	FFAR2	HGNC	4501	-	-
ffar2_g37_59966591	19:35938600	G	ENSG00000126262	ENST00000246549	Transcript	upstream_gene_variant	-	-	-	-	-	-	MODIFIER	2017	1	-	FFAR2	HGNC	4501	-	ENSP00000246549
ffar2_g37_59966591	19:35938600	G	ENSG00000126262	ENST00000599180	Transcript	upstream_gene_variant	-	-	-	-	-	-	MODIFIER	603	1	-	FFAR2	HGNC	4501	YES	ENSP00000473159
ffar2_g37_59966591	19:35938600	G	ENSG00000126262	ENST00000601590	Transcript	intron_variant,non_coding_transcript_variant	-	-	-	-	-	-	MODIFIER	-	1	-	FFAR2	HGNC	4501	-	-
ffar2_g37_59966592	19:35938615	G	ENSG00000126262	ENST00000246549	Transcript	upstream_gene_variant	-	-	-	-	-	-	MODIFIER	2002	1	-	FFAR2	HGNC	4501	-	ENSP00000246549
ffar2_g37_59966592	19:35938615	G	ENSG00000126262	ENST00000599180	Transcript	upstream_gene_variant	-	-	-	-	-	-	MODIFIER	588	1	-	FFAR2	HGNC	4501	YES	ENSP00000473159
ffar2_g37_59966592	19:35938615	G	ENSG00000126262	ENST00000601590	Transcript	intron_variant,non_coding_transcript_variant	-	-	-	-	-	-	MODIFIER	-	1	-	FFAR2	HGNC	4501	-	-
ffar2_g37_59966593	19:35938628	G	ENSG00000126262	ENST00000246549	Transcript	upstream_gene_variant	-	-	-	-	-	-	MODIFIER	1989	1	-	FFAR2	HGNC	4501	-	ENSP00000246549
ffar2_g37_59966593	19:35938628	G	ENSG00000126262	ENST00000599180	Transcript	upstream_gene_variant	-	-	-	-	-	-	MODIFIER	575	1	-	FFAR2	HGNC	4501	YES	ENSP00000473159
ffar2_g37_59966593	19:35938628	G	ENSG00000126262	ENST00000601590	Transcript	intron_variant,non_coding_transcript_variant	-	-	-	-	-	-	MODIFIER	-	1	-	FFAR2	HGNC	4501	-	-
ffar2_g37_59966594	19:35938671-35938672	C	ENSG00000126262	ENST00000246549	Transcript	upstream_gene_variant	-	-	-	-	-	-	MODIFIER	1945	1	-	FFAR2	HGNC	4501	-	ENSP00000246549
ffar2_g37_59966594	19:35938671-35938672	C	ENSG00000126262	ENST00000599180	Transcript	upstream_gene_variant	-	-	-	-	-	-	MODIFIER	531	1	-	FFAR2	HGNC	4501	YES	ENSP00000473159
ffar2_g37_59966594	19:35938671-35938672	C	ENSG00000126262	ENST00000601590	Transcript	intron_variant,non_coding_transcript_variant	-	-	-	-	-	-	MODIFIER	-	1	-	FFAR2	HGNC	4501	-	-
ffar2_g37_59966595	19:35938675	C	ENSG00000126262	ENST00000246549	Transcript	upstream_gene_variant	-	-	-	-	-	-	MODIFIER	1942	1	-	FFAR2	HGNC	4501	-	ENSP00000246549
ffar2_g37_59966595	19:35938675	C	ENSG00000126262	ENST00000599180	Transcript	upstream_gene_variant	-	-	-	-	-	-	MODIFIER	528	1	-	FFAR2	HGNC	4501	YES	ENSP00000473159
ffar2_g37_59966595	19:35938675	C	ENSG00000126262	ENST00000601590	Transcript	intron_variant,non_coding_transcript_variant	-	-	-	-	-	-	MODIFIER	-	1	-	FFAR2	HGNC	4501	-	-
ffar2_g37_59966596	19:35938678	G	ENSG00000126262	ENST00000246549	Transcript	upstream_gene_variant	-	-	-	-	-	-	MODIFIER	1939	1	-	FFAR2	HGNC	4501	-	ENSP00000246549
ffar2_g37_59966596	19:35938678	G	ENSG00000126262	ENST00000599180	Transcript	upstream_gene_variant	-	-	-	-	-	-	MODIFIER	525	1	-	FFAR2	HGNC	4501	YES	ENSP00000473159
ffar2_g37_59966596	19:35938678	G	ENSG00000126262	ENST00000601590	Transcript	intron_variant,non_coding_transcript_variant	-	-	-	-	-	-	MODIFIER	-	1	-	FFAR2	HGNC	4501	-	-
ffar2_g37_59966597	19:35938688	G	ENSG00000126262	ENST00000246549	Transcript	upstream_gene_variant	-	-	-	-	-	-	MODIFIER	1929	1	-	FFAR2	HGNC	4501	-	ENSP00000246549
ffar2_g37_59966597	19:35938688	G	ENSG00000126262	ENST00000599180	Transcript	upstream_gene_variant	-	-	-	-	-	-	MODIFIER	515	1	-	FFAR2	HGNC	4501	YES	ENSP00000473159
ffar2_g37_59966597	19:35938688	G	ENSG00000126262	ENST00000601590	Transcript	intron_variant,non_coding_transcript_variant	-	-	-	-	-	-	MODIFIER	-	1	-	FFAR2	HGNC	4501	-	-
ffar2_g37_59966598	19:35938699-35938700	AC	ENSG00000126262	ENST00000246549	Transcript	upstream_gene_variant	-	-	-	-	-	-	MODIFIER	1917	1	-	FFAR2	HGNC	4501	-	ENSP00000246549
ffar2_g37_59966598	19:35938699-35938700	AC	ENSG00000126262	ENST00000599180	Transcript	upstream_gene_variant	-	-	-	-	-	-	MODIFIER	503	1	-	FFAR2	HGNC	4501	YES	ENSP00000473159
ffar2_g37_59966598	19:35938699-35938700	AC	ENSG00000126262	ENST00000601590	Transcript	intron_variant,non_coding_transcript_variant	-	-	-	-	-	-	MODIFIER	-	1	-	FFAR2	HGNC	4501	-	-
ffar2_g37_59966599	19:35938705	G	ENSG00000126262	ENST00000246549	Transcript	upstream_gene_variant	-	-	-	-	-	-	MODIFIER	1912	1	-	FFAR2	HGNC	4501	-	ENSP00000246549
ffar2_g37_59966599	19:35938705	G	ENSG00000126262	ENST00000599180	Transcript	upstream_gene_variant	-	-	-	-	-	-	MODIFIER	498	1	-	FFAR2	HGNC	4501	YES	ENSP00000473159
ffar2_g37_59966599	19:35938705	G	ENSG00000126262	ENST00000601590	Transcript	intron_variant,non_coding_transcript_variant	-	-	-	-	-	-	MODIFIER	-	1	-	FFAR2	HGNC	4501	-	-
ffar2_g37_59966600	19:35938712	C	ENSG00000126262	ENST00000246549	Transcript	upstream_gene_variant	-	-	-	-	-	-	MODIFIER	1905	1	-	FFAR2	HGNC	4501	-	ENSP00000246549
ffar2_g37_59966600	19:35938712	C	ENSG00000126262	ENST00000599180	Transcript	upstream_gene_variant	-	-	-	-	-	-	MODIFIER	491	1	-	FFAR2	HGNC	4501	YES	ENSP00000473159
ffar2_g37_59966600	19:35938712	C	ENSG00000126262	ENST00000601590	Transcript	intron_variant,non_coding_transcript_variant	-	-	-	-	-	-	MODIFIER	-	1	-	FFAR2	HGNC	4501	-	-
ffar2_g37_59966601	19:35938719	G	ENSG00000126262	ENST00000246549	Transcript	upstream_gene_variant	-	-	-	-	-	-	MODIFIER	1898	1	-	FFAR2	HGNC	4501	-	ENSP00000246549
ffar2_g37_59966601	19:35938719	G	ENSG00000126262	ENST00000599180	Transcript	upstream_gene_variant	-	-	-	-	-	-	MODIFIER	484	1	-	FFAR2	HGNC	4501	YES	ENSP00000473159
ffar2_g37_59966601	19:35938719	G	ENSG00000126262	ENST00000601590	Transcript	intron_variant,non_coding_transcript_variant	-	-	-	-	-	-	MODIFIER	-	1	-	FFAR2	HGNC	4501	-	-
ffar2_g37_59966602	19:35938797	C	ENSG00000126262	ENST00000246549	Transcript	upstream_gene_variant	-	-	-	-	-	-	MODIFIER	1820	1	-	FFAR2	HGNC	4501	-	ENSP00000246549
ffar2_g37_59966602	19:35938797	C	ENSG00000126262	ENST00000599180	Transcript	upstream_gene_variant	-	-	-	-	-	-	MODIFIER	406	1	-	FFAR2	HGNC	4501	YES	ENSP00000473159
ffar2_g37_59966602	19:35938797	C	ENSG00000126262	ENST00000601590	Transcript	intron_variant,non_coding_transcript_variant	-	-	-	-	-	-	MODIFIER	-	1	-	FFAR2	HGNC	4501	-	-
ffar2_g37_59966603	19:35938859	G	ENSG00000126262	ENST00000246549	Transcript	upstream_gene_variant	-	-	-	-	-	-	MODIFIER	1758	1	-	FFAR2	HGNC	4501	-	ENSP00000246549
ffar2_g37_59966603	19:35938859	G	ENSG00000126262	ENST00000599180	Transcript	upstream_gene_variant	-	-	-	-	-	-	MODIFIER	344	1	-	FFAR2	HGNC	4501	YES	ENSP00000473159
ffar2_g37_59966603	19:35938859	G	ENSG00000126262	ENST00000601590	Transcript	intron_variant,non_coding_transcript_variant	-	-	-	-	-	-	MODIFIER	-	1	-	FFAR2	HGNC	4501	-	-
ffar2_g37_59966604	19:35938865	G	ENSG00000126262	ENST00000246549	Transcript	upstream_gene_variant	-	-	-	-	-	-	MODIFIER	1752	1	-	FFAR2	HGNC	4501	-	ENSP00000246549
ffar2_g37_59966604	19:35938865	G	ENSG00000126262	ENST00000599180	Transcript	upstream_gene_variant	-	-	-	-	-	-	MODIFIER	338	1	-	FFAR2	HGNC	4501	YES	ENSP00000473159
ffar2_g37_59966604	19:35938865	G	ENSG00000126262	ENST00000601590	Transcript	intron_variant,non_coding_transcript_variant	-	-	-	-	-	-	MODIFIER	-	1	-	FFAR2	HGNC	4501	-	-
ffar2_g37_59966605	19:35938895	G	ENSG00000126262	ENST00000246549	Transcript	upstream_gene_variant	-	-	-	-	-	-	MODIFIER	1722	1	-	FFAR2	HGNC	4501	-	ENSP00000246549
ffar2_g37_59966605	19:35938895	G	ENSG00000126262	ENST00000599180	Transcript	upstream_gene_variant	-	-	-	-	-	-	MODIFIER	308	1	-	FFAR2	HGNC	4501	YES	ENSP00000473159
ffar2_g37_59966605	19:35938895	G	ENSG00000126262	ENST00000601590	Transcript	intron_variant,non_coding_transcript_variant	-	-	-	-	-	-	MODIFIER	-	1	-	FFAR2	HGNC	4501	-	-
ffar2_g37_59966606	19:35938909	G	ENSG00000126262	ENST00000246549	Transcript	upstream_gene_variant	-	-	-	-	-	-	MODIFIER	1708	1	-	FFAR2	HGNC	4501	-	ENSP00000246549
ffar2_g37_59966606	19:35938909	G	ENSG00000126262	ENST00000599180	Transcript	upstream_gene_variant	-	-	-	-	-	-	MODIFIER	294	1	-	FFAR2	HGNC	4501	YES	ENSP00000473159
ffar2_g37_59966606	19:35938909	G	ENSG00000126262	ENST00000601590	Transcript	intron_variant,non_coding_transcript_variant	-	-	-	-	-	-	MODIFIER	-	1	-	FFAR2	HGNC	4501	-	-
ffar2_g37_59966607	19:35938928	C	ENSG00000126262	ENST00000246549	Transcript	upstream_gene_variant	-	-	-	-	-	-	MODIFIER	1689	1	-	FFAR2	HGNC	4501	-	ENSP00000246549
ffar2_g37_59966607	19:35938928	C	ENSG00000126262	ENST00000599180	Transcript	upstream_gene_variant	-	-	-	-	-	-	MODIFIER	275	1	-	FFAR2	HGNC	4501	YES	ENSP00000473159
ffar2_g37_59966607	19:35938928	C	ENSG00000126262	ENST00000601590	Transcript	intron_variant,non_coding_transcript_variant	-	-	-	-	-	-	MODIFIER	-	1	-	FFAR2	HGNC	4501	-	-
ffar2_g37_59966608	19:35938989	C	ENSG00000126262	ENST00000246549	Transcript	upstream_gene_variant	-	-	-	-	-	-	MODIFIER	1628	1	-	FFAR2	HGNC	4501	-	ENSP00000246549
ffar2_g37_59966608	19:35938989	C	ENSG00000126262	ENST00000599180	Transcript	upstream_gene_variant	-	-	-	-	-	-	MODIFIER	214	1	-	FFAR2	HGNC	4501	YES	ENSP00000473159
ffar2_g37_59966608	19:35938989	C	ENSG00000126262	ENST00000601590	Transcript	intron_variant,non_coding_transcript_variant	-	-	-	-	-	-	MODIFIER	-	1	-	FFAR2	HGNC	4501	-	-
ffar2_g37_59966609	19:35938997-35938998	G	ENSG00000126262	ENST00000246549	Transcript	upstream_gene_variant	-	-	-	-	-	-	MODIFIER	1619	1	-	FFAR2	HGNC	4501	-	ENSP00000246549
ffar2_g37_59966609	19:35938997-35938998	G	ENSG00000126262	ENST00000599180	Transcript	upstream_gene_variant	-	-	-	-	-	-	MODIFIER	205	1	-	FFAR2	HGNC	4501	YES	ENSP00000473159
ffar2_g37_59966609	19:35938997-35938998	G	ENSG00000126262	ENST00000601590	Transcript	intron_variant,non_coding_transcript_variant	-	-	-	-	-	-	MODIFIER	-	1	-	FFAR2	HGNC	4501	-	-
ffar2_g37_59966610	19:35939018	G	ENSG00000126262	ENST00000246549	Transcript	upstream_gene_variant	-	-	-	-	-	-	MODIFIER	1599	1	-	FFAR2	HGNC	4501	-	ENSP00000246549
ffar2_g37_59966610	19:35939018	G	ENSG00000126262	ENST00000599180	Transcript	upstream_gene_variant	-	-	-	-	-	-	MODIFIER	185	1	-	FFAR2	HGNC	4501	YES	ENSP00000473159
ffar2_g37_59966610	19:35939018	G	ENSG00000126262	ENST00000601590	Transcript	intron_variant,non_coding_transcript_variant	-	-	-	-	-	-	MODIFIER	-	1	-	FFAR2	HGNC	4501	-	-
ffar2_g37_59966611	19:35939042	T	ENSG00000126262	ENST00000246549	Transcript	upstream_gene_variant	-	-	-	-	-	-	MODIFIER	1575	1	-	FFAR2	HGNC	4501	-	ENSP00000246549
ffar2_g37_59966611	19:35939042	T	ENSG00000126262	ENST00000599180	Transcript	upstream_gene_variant	-	-	-	-	-	-	MODIFIER	161	1	-	FFAR2	HGNC	4501	YES	ENSP00000473159
ffar2_g37_59966611	19:35939042	T	ENSG00000126262	ENST00000601590	Transcript	intron_variant,non_coding_transcript_variant	-	-	-	-	-	-	MODIFIER	-	1	-	FFAR2	HGNC	4501	-	-
ffar2_g37_59966612	19:35939045	G	ENSG00000126262	ENST00000246549	Transcript	upstream_gene_variant	-	-	-	-	-	-	MODIFIER	1572	1	-	FFAR2	HGNC	4501	-	ENSP00000246549
ffar2_g37_59966612	19:35939045	G	ENSG00000126262	ENST00000599180	Transcript	upstream_gene_variant	-	-	-	-	-	-	MODIFIER	158	1	-	FFAR2	HGNC	4501	YES	ENSP00000473159
ffar2_g37_59966612	19:35939045	G	ENSG00000126262	ENST00000601590	Transcript	intron_variant,non_coding_transcript_variant	-	-	-	-	-	-	MODIFIER	-	1	-	FFAR2	HGNC	4501	-	-
ffar2_g37_59966613	19:35939103	G	ENSG00000126262	ENST00000246549	Transcript	upstream_gene_variant	-	-	-	-	-	-	MODIFIER	1514	1	-	FFAR2	HGNC	4501	-	ENSP00000246549
ffar2_g37_59966613	19:35939103	G	ENSG00000126262	ENST00000599180	Transcript	upstream_gene_variant	-	-	-	-	-	-	MODIFIER	100	1	-	FFAR2	HGNC	4501	YES	ENSP00000473159
ffar2_g37_59966613	19:35939103	G	ENSG00000126262	ENST00000601590	Transcript	intron_variant,non_coding_transcript_variant	-	-	-	-	-	-	MODIFIER	-	1	-	FFAR2	HGNC	4501	-	-
ffar2_g37_59966614	19:35939120	C	ENSG00000126262	ENST00000246549	Transcript	upstream_gene_variant	-	-	-	-	-	-	MODIFIER	1497	1	-	FFAR2	HGNC	4501	-	ENSP00000246549
ffar2_g37_59966614	19:35939120	C	ENSG00000126262	ENST00000599180	Transcript	upstream_gene_variant	-	-	-	-	-	-	MODIFIER	83	1	-	FFAR2	HGNC	4501	YES	ENSP00000473159
ffar2_g37_59966614	19:35939120	C	ENSG00000126262	ENST00000601590	Transcript	intron_variant,non_coding_transcript_variant	-	-	-	-	-	-	MODIFIER	-	1	-	FFAR2	HGNC	4501	-	-
ffar2_g37_59966615	19:35939138	G	ENSG00000126262	ENST00000246549	Transcript	upstream_gene_variant	-	-	-	-	-	-	MODIFIER	1479	1	-	FFAR2	HGNC	4501	-	ENSP00000246549
ffar2_g37_59966615	19:35939138	G	ENSG00000126262	ENST00000599180	Transcript	upstream_gene_variant	-	-	-	-	-	-	MODIFIER	65	1	-	FFAR2	HGNC	4501	YES	ENSP00000473159
ffar2_g37_59966615	19:35939138	G	ENSG00000126262	ENST00000601590	Transcript	intron_variant,non_coding_transcript_variant	-	-	-	-	-	-	MODIFIER	-	1	-	FFAR2	HGNC	4501	-	-
ffar2_g37_59966616	19:35939144	G	ENSG00000126262	ENST00000246549	Transcript	upstream_gene_variant	-	-	-	-	-	-	MODIFIER	1473	1	-	FFAR2	HGNC	4501	-	ENSP00000246549
ffar2_g37_59966616	19:35939144	G	ENSG00000126262	ENST00000599180	Transcript	upstream_gene_variant	-	-	-	-	-	-	MODIFIER	59	1	-	FFAR2	HGNC	4501	YES	ENSP00000473159
ffar2_g37_59966616	19:35939144	G	ENSG00000126262	ENST00000601590	Transcript	intron_variant,non_coding_transcript_variant	-	-	-	-	-	-	MODIFIER	-	1	-	FFAR2	HGNC	4501	-	-
ffar2_g37_59966617	19:35939156	C	ENSG00000126262	ENST00000246549	Transcript	upstream_gene_variant	-	-	-	-	-	-	MODIFIER	1461	1	-	FFAR2	HGNC	4501	-	ENSP00000246549
ffar2_g37_59966617	19:35939156	C	ENSG00000126262	ENST00000599180	Transcript	upstream_gene_variant	-	-	-	-	-	-	MODIFIER	47	1	-	FFAR2	HGNC	4501	YES	ENSP00000473159
ffar2_g37_59966617	19:35939156	C	ENSG00000126262	ENST00000601590	Transcript	intron_variant,non_coding_transcript_variant	-	-	-	-	-	-	MODIFIER	-	1	-	FFAR2	HGNC	4501	-	-
ffar2_g37_59966618	19:35939157	G	ENSG00000126262	ENST00000246549	Transcript	upstream_gene_variant	-	-	-	-	-	-	MODIFIER	1460	1	-	FFAR2	HGNC	4501	-	ENSP00000246549
ffar2_g37_59966618	19:35939157	G	ENSG00000126262	ENST00000599180	Transcript	upstream_gene_variant	-	-	-	-	-	-	MODIFIER	46	1	-	FFAR2	HGNC	4501	YES	ENSP00000473159
ffar2_g37_59966618	19:35939157	G	ENSG00000126262	ENST00000601590	Transcript	intron_variant,non_coding_transcript_variant	-	-	-	-	-	-	MODIFIER	-	1	-	FFAR2	HGNC	4501	-	-
ffar2_g37_59966619	19:35939208	C	ENSG00000126262	ENST00000246549	Transcript	upstream_gene_variant	-	-	-	-	-	-	MODIFIER	1409	1	-	FFAR2	HGNC	4501	-	ENSP00000246549
ffar2_g37_59966619	19:35939208	C	ENSG00000126262	ENST00000599180	Transcript	5_prime_UTR_variant	6	-	-	-	-	-	MODIFIER	-	1	-	FFAR2	HGNC	4501	YES	ENSP00000473159
ffar2_g37_59966619	19:35939208	C	ENSG00000126262	ENST00000601590	Transcript	intron_variant,non_coding_transcript_variant	-	-	-	-	-	-	MODIFIER	-	1	-	FFAR2	HGNC	4501	-	-
ffar2_g37_59966620	19:35939228	G	ENSG00000126262	ENST00000246549	Transcript	upstream_gene_variant	-	-	-	-	-	-	MODIFIER	1389	1	-	FFAR2	HGNC	4501	-	ENSP00000246549
ffar2_g37_59966620	19:35939228	G	ENSG00000126262	ENST00000599180	Transcript	5_prime_UTR_variant	26	-	-	-	-	-	MODIFIER	-	1	-	FFAR2	HGNC	4501	YES	ENSP00000473159
ffar2_g37_59966620	19:35939228	G	ENSG00000126262	ENST00000601590	Transcript	intron_variant,non_coding_transcript_variant	-	-	-	-	-	-	MODIFIER	-	1	-	FFAR2	HGNC	4501	-	-
ffar2_g37_59966621	19:35939255	C	ENSG00000126262	ENST00000246549	Transcript	upstream_gene_variant	-	-	-	-	-	-	MODIFIER	1362	1	-	FFAR2	HGNC	4501	-	ENSP00000246549
ffar2_g37_59966621	19:35939255	C	ENSG00000126262	ENST00000599180	Transcript	5_prime_UTR_variant	53	-	-	-	-	-	MODIFIER	-	1	-	FFAR2	HGNC	4501	YES	ENSP00000473159
ffar2_g37_59966621	19:35939255	C	ENSG00000126262	ENST00000601590	Transcript	intron_variant,non_coding_transcript_variant	-	-	-	-	-	-	MODIFIER	-	1	-	FFAR2	HGNC	4501	-	-
ffar2_g37_59966622	19:35939292	C	ENSG00000126262	ENST00000246549	Transcript	upstream_gene_variant	-	-	-	-	-	-	MODIFIER	1325	1	-	FFAR2	HGNC	4501	-	ENSP00000246549
ffar2_g37_59966622	19:35939292	C	ENSG00000126262	ENST00000599180	Transcript	intron_variant	-	-	-	-	-	-	MODIFIER	-	1	-	FFAR2	HGNC	4501	YES	ENSP00000473159
ffar2_g37_59966622	19:35939292	C	ENSG00000126262	ENST00000601590	Transcript	intron_variant,non_coding_transcript_variant	-	-	-	-	-	-	MODIFIER	-	1	-	FFAR2	HGNC	4501	-	-
ffar2_g37_59966623	19:35939293	G	ENSG00000126262	ENST00000246549	Transcript	upstream_gene_variant	-	-	-	-	-	-	MODIFIER	1324	1	-	FFAR2	HGNC	4501	-	ENSP00000246549
ffar2_g37_59966623	19:35939293	G	ENSG00000126262	ENST00000599180	Transcript	intron_variant	-	-	-	-	-	-	MODIFIER	-	1	-	FFAR2	HGNC	4501	YES	ENSP00000473159
ffar2_g37_59966623	19:35939293	G	ENSG00000126262	ENST00000601590	Transcript	intron_variant,non_coding_transcript_variant	-	-	-	-	-	-	MODIFIER	-	1	-	FFAR2	HGNC	4501	-	-
ffar2_g37_59966624	19:35939307	C	ENSG00000126262	ENST00000246549	Transcript	upstream_gene_variant	-	-	-	-	-	-	MODIFIER	1310	1	-	FFAR2	HGNC	4501	-	ENSP00000246549
ffar2_g37_59966624	19:35939307	C	ENSG00000126262	ENST00000599180	Transcript	intron_variant	-	-	-	-	-	-	MODIFIER	-	1	-	FFAR2	HGNC	4501	YES	ENSP00000473159
ffar2_g37_59966624	19:35939307	C	ENSG00000126262	ENST00000601590	Transcript	intron_variant,non_coding_transcript_variant	-	-	-	-	-	-	MODIFIER	-	1	-	FFAR2	HGNC	4501	-	-
ffar2_g37_59966625	19:35939377	C	ENSG00000126262	ENST00000246549	Transcript	upstream_gene_variant	-	-	-	-	-	-	MODIFIER	1240	1	-	FFAR2	HGNC	4501	-	ENSP00000246549
ffar2_g37_59966625	19:35939377	C	ENSG00000126262	ENST00000599180	Transcript	intron_variant	-	-	-	-	-	-	MODIFIER	-	1	-	FFAR2	HGNC	4501	YES	ENSP00000473159
ffar2_g37_59966625	19:35939377	C	ENSG00000126262	ENST00000601590	Transcript	intron_variant,non_coding_transcript_variant	-	-	-	-	-	-	MODIFIER	-	1	-	FFAR2	HGNC	4501	-	-
ffar2_g37_59966626	19:35939382	G	ENSG00000126262	ENST00000246549	Transcript	upstream_gene_variant	-	-	-	-	-	-	MODIFIER	1235	1	-	FFAR2	HGNC	4501	-	ENSP00000246549
ffar2_g37_59966626	19:35939382	G	ENSG00000126262	ENST00000599180	Transcript	intron_variant	-	-	-	-	-	-	MODIFIER	-	1	-	FFAR2	HGNC	4501	YES	ENSP00000473159
ffar2_g37_59966626	19:35939382	G	ENSG00000126262	ENST00000601590	Transcript	intron_variant,non_coding_transcript_variant	-	-	-	-	-	-	MODIFIER	-	1	-	FFAR2	HGNC	4501	-	-
ffar2_g37_59966627	19:35939389	C	ENSG00000126262	ENST00000246549	Transcript	upstream_gene_variant	-	-	-	-	-	-	MODIFIER	1228	1	-	FFAR2	HGNC	4501	-	ENSP00000246549
ffar2_g37_59966627	19:35939389	C	ENSG00000126262	ENST00000599180	Transcript	intron_variant	-	-	-	-	-	-	MODIFIER	-	1	-	FFAR2	HGNC	4501	YES	ENSP00000473159
ffar2_g37_59966627	19:35939389	C	ENSG00000126262	ENST00000601590	Transcript	intron_variant,non_coding_transcript_variant	-	-	-	-	-	-	MODIFIER	-	1	-	FFAR2	HGNC	4501	-	-
ffar2_g37_59966628	19:35939390	G	ENSG00000126262	ENST00000246549	Transcript	upstream_gene_variant	-	-	-	-	-	-	MODIFIER	1227	1	-	FFAR2	HGNC	4501	-	ENSP00000246549
ffar2_g37_59966628	19:35939390	G	ENSG00000126262	ENST00000599180	Transcript	intron_variant	-	-	-	-	-	-	MODIFIER	-	1	-	FFAR2	HGNC	4501	YES	ENSP00000473159
ffar2_g37_59966628	19:35939390	G	ENSG00000126262	ENST00000601590	Transcript	intron_variant,non_coding_transcript_variant	-	-	-	-	-	-	MODIFIER	-	1	-	FFAR2	HGNC	4501	-	-
ffar2_g37_59966629	19:35939405	C	ENSG00000126262	ENST00000246549	Transcript	upstream_gene_variant	-	-	-	-	-	-	MODIFIER	1212	1	-	FFAR2	HGNC	4501	-	ENSP00000246549
ffar2_g37_59966629	19:35939405	C	ENSG00000126262	ENST00000599180	Transcript	intron_variant	-	-	-	-	-	-	MODIFIER	-	1	-	FFAR2	HGNC	4501	YES	ENSP00000473159
ffar2_g37_59966629	19:35939405	C	ENSG00000126262	ENST00000601590	Transcript	intron_variant,non_coding_transcript_variant	-	-	-	-	-	-	MODIFIER	-	1	-	FFAR2	HGNC	4501	-	-
ffar2_g37_59966630	19:35939406	G	ENSG00000126262	ENST00000246549	Transcript	upstream_gene_variant	-	-	-	-	-	-	MODIFIER	1211	1	-	FFAR2	HGNC	4501	-	ENSP00000246549
ffar2_g37_59966630	19:35939406	G	ENSG00000126262	ENST00000599180	Transcript	intron_variant	-	-	-	-	-	-	MODIFIER	-	1	-	FFAR2	HGNC	4501	YES	ENSP00000473159
ffar2_g37_59966630	19:35939406	G	ENSG00000126262	ENST00000601590	Transcript	intron_variant,non_coding_transcript_variant	-	-	-	-	-	-	MODIFIER	-	1	-	FFAR2	HGNC	4501	-	-
ffar2_g37_59966631	19:35939422	C	ENSG00000126262	ENST00000246549	Transcript	upstream_gene_variant	-	-	-	-	-	-	MODIFIER	1195	1	-	FFAR2	HGNC	4501	-	ENSP00000246549
ffar2_g37_59966631	19:35939422	C	ENSG00000126262	ENST00000599180	Transcript	intron_variant	-	-	-	-	-	-	MODIFIER	-	1	-	FFAR2	HGNC	4501	YES	ENSP00000473159
ffar2_g37_59966631	19:35939422	C	ENSG00000126262	ENST00000601590	Transcript	intron_variant,non_coding_transcript_variant	-	-	-	-	-	-	MODIFIER	-	1	-	FFAR2	HGNC	4501	-	-
ffar2_g37_59966632	19:35939423	G	ENSG00000126262	ENST00000246549	Transcript	upstream_gene_variant	-	-	-	-	-	-	MODIFIER	1194	1	-	FFAR2	HGNC	4501	-	ENSP00000246549
ffar2_g37_59966632	19:35939423	G	ENSG00000126262	ENST00000599180	Transcript	intron_variant	-	-	-	-	-	-	MODIFIER	-	1	-	FFAR2	HGNC	4501	YES	ENSP00000473159
ffar2_g37_59966632	19:35939423	G	ENSG00000126262	ENST00000601590	Transcript	intron_variant,non_coding_transcript_variant	-	-	-	-	-	-	MODIFIER	-	1	-	FFAR2	HGNC	4501	-	-
ffar2_g37_59966633	19:35939425	G	ENSG00000126262	ENST00000246549	Transcript	upstream_gene_variant	-	-	-	-	-	-	MODIFIER	1192	1	-	FFAR2	HGNC	4501	-	ENSP00000246549
ffar2_g37_59966633	19:35939425	G	ENSG00000126262	ENST00000599180	Transcript	intron_variant	-	-	-	-	-	-	MODIFIER	-	1	-	FFAR2	HGNC	4501	YES	ENSP00000473159
ffar2_g37_59966633	19:35939425	G	ENSG00000126262	ENST00000601590	Transcript	intron_variant,non_coding_transcript_variant	-	-	-	-	-	-	MODIFIER	-	1	-	FFAR2	HGNC	4501	-	-
ffar2_g37_59966634	19:35939439	C	ENSG00000126262	ENST00000246549	Transcript	upstream_gene_variant	-	-	-	-	-	-	MODIFIER	1178	1	-	FFAR2	HGNC	4501	-	ENSP00000246549
ffar2_g37_59966634	19:35939439	C	ENSG00000126262	ENST00000599180	Transcript	intron_variant	-	-	-	-	-	-	MODIFIER	-	1	-	FFAR2	HGNC	4501	YES	ENSP00000473159
ffar2_g37_59966634	19:35939439	C	ENSG00000126262	ENST00000601590	Transcript	intron_variant,non_coding_transcript_variant	-	-	-	-	-	-	MODIFIER	-	1	-	FFAR2	HGNC	4501	-	-
ffar2_g37_59966635	19:35939440	G	ENSG00000126262	ENST00000246549	Transcript	upstream_gene_variant	-	-	-	-	-	-	MODIFIER	1177	1	-	FFAR2	HGNC	4501	-	ENSP00000246549
ffar2_g37_59966635	19:35939440	G	ENSG00000126262	ENST00000599180	Transcript	intron_variant	-	-	-	-	-	-	MODIFIER	-	1	-	FFAR2	HGNC	4501	YES	ENSP00000473159
ffar2_g37_59966635	19:35939440	G	ENSG00000126262	ENST00000601590	Transcript	intron_variant,non_coding_transcript_variant	-	-	-	-	-	-	MODIFIER	-	1	-	FFAR2	HGNC	4501	-	-
ffar2_g37_59966636	19:35939456	G	ENSG00000126262	ENST00000246549	Transcript	upstream_gene_variant	-	-	-	-	-	-	MODIFIER	1161	1	-	FFAR2	HGNC	4501	-	ENSP00000246549
ffar2_g37_59966636	19:35939456	G	ENSG00000126262	ENST00000599180	Transcript	intron_variant	-	-	-	-	-	-	MODIFIER	-	1	-	FFAR2	HGNC	4501	YES	ENSP00000473159
ffar2_g37_59966636	19:35939456	G	ENSG00000126262	ENST00000601590	Transcript	intron_variant,non_coding_transcript_variant	-	-	-	-	-	-	MODIFIER	-	1	-	FFAR2	HGNC	4501	-	-
ffar2_g37_59966637	19:35939466	C	ENSG00000126262	ENST00000246549	Transcript	upstream_gene_variant	-	-	-	-	-	-	MODIFIER	1151	1	-	FFAR2	HGNC	4501	-	ENSP00000246549
ffar2_g37_59966637	19:35939466	C	ENSG00000126262	ENST00000599180	Transcript	intron_variant	-	-	-	-	-	-	MODIFIER	-	1	-	FFAR2	HGNC	4501	YES	ENSP00000473159
ffar2_g37_59966637	19:35939466	C	ENSG00000126262	ENST00000601590	Transcript	intron_variant,non_coding_transcript_variant	-	-	-	-	-	-	MODIFIER	-	1	-	FFAR2	HGNC	4501	-	-
ffar2_g37_59966638	19:35939478	C	ENSG00000126262	ENST00000246549	Transcript	upstream_gene_variant	-	-	-	-	-	-	MODIFIER	1139	1	-	FFAR2	HGNC	4501	-	ENSP00000246549
ffar2_g37_59966638	19:35939478	C	ENSG00000126262	ENST00000599180	Transcript	intron_variant	-	-	-	-	-	-	MODIFIER	-	1	-	FFAR2	HGNC	4501	YES	ENSP00000473159
ffar2_g37_59966638	19:35939478	C	ENSG00000126262	ENST00000601590	Transcript	intron_variant,non_coding_transcript_variant	-	-	-	-	-	-	MODIFIER	-	1	-	FFAR2	HGNC	4501	-	-
ffar2_g37_59966639	19:35939517	G	ENSG00000126262	ENST00000246549	Transcript	upstream_gene_variant	-	-	-	-	-	-	MODIFIER	1100	1	-	FFAR2	HGNC	4501	-	ENSP00000246549
ffar2_g37_59966639	19:35939517	G	ENSG00000126262	ENST00000599180	Transcript	intron_variant	-	-	-	-	-	-	MODIFIER	-	1	-	FFAR2	HGNC	4501	YES	ENSP00000473159
ffar2_g37_59966639	19:35939517	G	ENSG00000126262	ENST00000601590	Transcript	intron_variant,non_coding_transcript_variant	-	-	-	-	-	-	MODIFIER	-	1	-	FFAR2	HGNC	4501	-	-
ffar2_g37_59966640	19:35939523	G	ENSG00000126262	ENST00000246549	Transcript	upstream_gene_variant	-	-	-	-	-	-	MODIFIER	1094	1	-	FFAR2	HGNC	4501	-	ENSP00000246549
ffar2_g37_59966640	19:35939523	G	ENSG00000126262	ENST00000599180	Transcript	intron_variant	-	-	-	-	-	-	MODIFIER	-	1	-	FFAR2	HGNC	4501	YES	ENSP00000473159
ffar2_g37_59966640	19:35939523	G	ENSG00000126262	ENST00000601590	Transcript	intron_variant,non_coding_transcript_variant	-	-	-	-	-	-	MODIFIER	-	1	-	FFAR2	HGNC	4501	-	-
ffar2_g37_59966641	19:35939524	C	ENSG00000126262	ENST00000246549	Transcript	upstream_gene_variant	-	-	-	-	-	-	MODIFIER	1093	1	-	FFAR2	HGNC	4501	-	ENSP00000246549
ffar2_g37_59966641	19:35939524	C	ENSG00000126262	ENST00000599180	Transcript	intron_variant	-	-	-	-	-	-	MODIFIER	-	1	-	FFAR2	HGNC	4501	YES	ENSP00000473159
ffar2_g37_59966641	19:35939524	C	ENSG00000126262	ENST00000601590	Transcript	intron_variant,non_coding_transcript_variant	-	-	-	-	-	-	MODIFIER	-	1	-	FFAR2	HGNC	4501	-	-
ffar2_g37_59966642	19:35939538	C	ENSG00000126262	ENST00000246549	Transcript	upstream_gene_variant	-	-	-	-	-	-	MODIFIER	1079	1	-	FFAR2	HGNC	4501	-	ENSP00000246549
ffar2_g37_59966642	19:35939538	C	ENSG00000126262	ENST00000599180	Transcript	intron_variant	-	-	-	-	-	-	MODIFIER	-	1	-	FFAR2	HGNC	4501	YES	ENSP00000473159
ffar2_g37_59966642	19:35939538	C	ENSG00000126262	ENST00000601590	Transcript	intron_variant,non_coding_transcript_variant	-	-	-	-	-	-	MODIFIER	-	1	-	FFAR2	HGNC	4501	-	-
ffar2_g37_59966643	19:35939539	G	ENSG00000126262	ENST00000246549	Transcript	upstream_gene_variant	-	-	-	-	-	-	MODIFIER	1078	1	-	FFAR2	HGNC	4501	-	ENSP00000246549
ffar2_g37_59966643	19:35939539	G	ENSG00000126262	ENST00000599180	Transcript	intron_variant	-	-	-	-	-	-	MODIFIER	-	1	-	FFAR2	HGNC	4501	YES	ENSP00000473159
ffar2_g37_59966643	19:35939539	G	ENSG00000126262	ENST00000601590	Transcript	intron_variant,non_coding_transcript_variant	-	-	-	-	-	-	MODIFIER	-	1	-	FFAR2	HGNC	4501	-	-
ffar2_g37_59966644	19:35939551	C	ENSG00000126262	ENST00000246549	Transcript	upstream_gene_variant	-	-	-	-	-	-	MODIFIER	1066	1	-	FFAR2	HGNC	4501	-	ENSP00000246549
ffar2_g37_59966644	19:35939551	C	ENSG00000126262	ENST00000599180	Transcript	intron_variant	-	-	-	-	-	-	MODIFIER	-	1	-	FFAR2	HGNC	4501	YES	ENSP00000473159
ffar2_g37_59966644	19:35939551	C	ENSG00000126262	ENST00000601590	Transcript	intron_variant,non_coding_transcript_variant	-	-	-	-	-	-	MODIFIER	-	1	-	FFAR2	HGNC	4501	-	-
ffar2_g37_59966645	19:35939563	C	ENSG00000126262	ENST00000246549	Transcript	upstream_gene_variant	-	-	-	-	-	-	MODIFIER	1054	1	-	FFAR2	HGNC	4501	-	ENSP00000246549
ffar2_g37_59966645	19:35939563	C	ENSG00000126262	ENST00000599180	Transcript	intron_variant	-	-	-	-	-	-	MODIFIER	-	1	-	FFAR2	HGNC	4501	YES	ENSP00000473159
ffar2_g37_59966645	19:35939563	C	ENSG00000126262	ENST00000601590	Transcript	intron_variant,non_coding_transcript_variant	-	-	-	-	-	-	MODIFIER	-	1	-	FFAR2	HGNC	4501	-	-
ffar2_g37_59966646	19:35939572	C	ENSG00000126262	ENST00000246549	Transcript	upstream_gene_variant	-	-	-	-	-	-	MODIFIER	1045	1	-	FFAR2	HGNC	4501	-	ENSP00000246549
ffar2_g37_59966646	19:35939572	C	ENSG00000126262	ENST00000599180	Transcript	intron_variant	-	-	-	-	-	-	MODIFIER	-	1	-	FFAR2	HGNC	4501	YES	ENSP00000473159
ffar2_g37_59966646	19:35939572	C	ENSG00000126262	ENST00000601590	Transcript	intron_variant,non_coding_transcript_variant	-	-	-	-	-	-	MODIFIER	-	1	-	FFAR2	HGNC	4501	-	-
ffar2_g37_59966647	19:35939601	G	ENSG00000126262	ENST00000246549	Transcript	upstream_gene_variant	-	-	-	-	-	-	MODIFIER	1016	1	-	FFAR2	HGNC	4501	-	ENSP00000246549
ffar2_g37_59966647	19:35939601	G	ENSG00000126262	ENST00000599180	Transcript	intron_variant	-	-	-	-	-	-	MODIFIER	-	1	-	FFAR2	HGNC	4501	YES	ENSP00000473159
ffar2_g37_59966647	19:35939601	G	ENSG00000126262	ENST00000601590	Transcript	intron_variant,non_coding_transcript_variant	-	-	-	-	-	-	MODIFIER	-	1	-	FFAR2	HGNC	4501	-	-
ffar2_g37_59966648	19:35939602	C	ENSG00000126262	ENST00000246549	Transcript	upstream_gene_variant	-	-	-	-	-	-	MODIFIER	1015	1	-	FFAR2	HGNC	4501	-	ENSP00000246549
ffar2_g37_59966648	19:35939602	C	ENSG00000126262	ENST00000599180	Transcript	intron_variant	-	-	-	-	-	-	MODIFIER	-	1	-	FFAR2	HGNC	4501	YES	ENSP00000473159
ffar2_g37_59966648	19:35939602	C	ENSG00000126262	ENST00000601590	Transcript	intron_variant,non_coding_transcript_variant	-	-	-	-	-	-	MODIFIER	-	1	-	FFAR2	HGNC	4501	-	-
ffar2_g37_59966649	19:35939611	C	ENSG00000126262	ENST00000246549	Transcript	upstream_gene_variant	-	-	-	-	-	-	MODIFIER	1006	1	-	FFAR2	HGNC	4501	-	ENSP00000246549
ffar2_g37_59966649	19:35939611	C	ENSG00000126262	ENST00000599180	Transcript	intron_variant	-	-	-	-	-	-	MODIFIER	-	1	-	FFAR2	HGNC	4501	YES	ENSP00000473159
ffar2_g37_59966649	19:35939611	C	ENSG00000126262	ENST00000601590	Transcript	intron_variant,non_coding_transcript_variant	-	-	-	-	-	-	MODIFIER	-	1	-	FFAR2	HGNC	4501	-	-
ffar2_g37_59966650	19:35939639	G	ENSG00000126262	ENST00000246549	Transcript	upstream_gene_variant	-	-	-	-	-	-	MODIFIER	978	1	-	FFAR2	HGNC	4501	-	ENSP00000246549
ffar2_g37_59966650	19:35939639	G	ENSG00000126262	ENST00000599180	Transcript	intron_variant	-	-	-	-	-	-	MODIFIER	-	1	-	FFAR2	HGNC	4501	YES	ENSP00000473159
ffar2_g37_59966650	19:35939639	G	ENSG00000126262	ENST00000601590	Transcript	intron_variant,non_coding_transcript_variant	-	-	-	-	-	-	MODIFIER	-	1	-	FFAR2	HGNC	4501	-	-
ffar2_g37_59966651	19:35939644	G	ENSG00000126262	ENST00000246549	Transcript	upstream_gene_variant	-	-	-	-	-	-	MODIFIER	973	1	-	FFAR2	HGNC	4501	-	ENSP00000246549
ffar2_g37_59966651	19:35939644	G	ENSG00000126262	ENST00000599180	Transcript	intron_variant	-	-	-	-	-	-	MODIFIER	-	1	-	FFAR2	HGNC	4501	YES	ENSP00000473159
ffar2_g37_59966651	19:35939644	G	ENSG00000126262	ENST00000601590	Transcript	intron_variant,non_coding_transcript_variant	-	-	-	-	-	-	MODIFIER	-	1	-	FFAR2	HGNC	4501	-	-
ffar2_g37_59966652	19:35939649	G	ENSG00000126262	ENST00000246549	Transcript	upstream_gene_variant	-	-	-	-	-	-	MODIFIER	968	1	-	FFAR2	HGNC	4501	-	ENSP00000246549
ffar2_g37_59966652	19:35939649	G	ENSG00000126262	ENST00000599180	Transcript	intron_variant	-	-	-	-	-	-	MODIFIER	-	1	-	FFAR2	HGNC	4501	YES	ENSP00000473159
ffar2_g37_59966652	19:35939649	G	ENSG00000126262	ENST00000601590	Transcript	intron_variant,non_coding_transcript_variant	-	-	-	-	-	-	MODIFIER	-	1	-	FFAR2	HGNC	4501	-	-
ffar2_g37_59966653	19:35939652	G	ENSG00000126262	ENST00000246549	Transcript	upstream_gene_variant	-	-	-	-	-	-	MODIFIER	965	1	-	FFAR2	HGNC	4501	-	ENSP00000246549
ffar2_g37_59966653	19:35939652	G	ENSG00000126262	ENST00000599180	Transcript	intron_variant	-	-	-	-	-	-	MODIFIER	-	1	-	FFAR2	HGNC	4501	YES	ENSP00000473159
ffar2_g37_59966653	19:35939652	G	ENSG00000126262	ENST00000601590	Transcript	intron_variant,non_coding_transcript_variant	-	-	-	-	-	-	MODIFIER	-	1	-	FFAR2	HGNC	4501	-	-
ffar2_g37_59966654	19:35939675	G	ENSG00000126262	ENST00000246549	Transcript	upstream_gene_variant	-	-	-	-	-	-	MODIFIER	942	1	-	FFAR2	HGNC	4501	-	ENSP00000246549
ffar2_g37_59966654	19:35939675	G	ENSG00000126262	ENST00000599180	Transcript	intron_variant	-	-	-	-	-	-	MODIFIER	-	1	-	FFAR2	HGNC	4501	YES	ENSP00000473159
ffar2_g37_59966654	19:35939675	G	ENSG00000126262	ENST00000601590	Transcript	intron_variant,non_coding_transcript_variant	-	-	-	-	-	-	MODIFIER	-	1	-	FFAR2	HGNC	4501	-	-
ffar2_g37_59966655	19:35939700	G	ENSG00000126262	ENST00000246549	Transcript	upstream_gene_variant	-	-	-	-	-	-	MODIFIER	917	1	-	FFAR2	HGNC	4501	-	ENSP00000246549
ffar2_g37_59966655	19:35939700	G	ENSG00000126262	ENST00000599180	Transcript	intron_variant	-	-	-	-	-	-	MODIFIER	-	1	-	FFAR2	HGNC	4501	YES	ENSP00000473159
ffar2_g37_59966655	19:35939700	G	ENSG00000126262	ENST00000601590	Transcript	intron_variant,non_coding_transcript_variant	-	-	-	-	-	-	MODIFIER	-	1	-	FFAR2	HGNC	4501	-	-
ffar2_g37_59966656	19:35939711	C	ENSG00000126262	ENST00000246549	Transcript	upstream_gene_variant	-	-	-	-	-	-	MODIFIER	906	1	-	FFAR2	HGNC	4501	-	ENSP00000246549
ffar2_g37_59966656	19:35939711	C	ENSG00000126262	ENST00000599180	Transcript	intron_variant	-	-	-	-	-	-	MODIFIER	-	1	-	FFAR2	HGNC	4501	YES	ENSP00000473159
ffar2_g37_59966656	19:35939711	C	ENSG00000126262	ENST00000601590	Transcript	intron_variant,non_coding_transcript_variant	-	-	-	-	-	-	MODIFIER	-	1	-	FFAR2	HGNC	4501	-	-
ffar2_g37_59966657	19:35939716	C	ENSG00000126262	ENST00000246549	Transcript	upstream_gene_variant	-	-	-	-	-	-	MODIFIER	901	1	-	FFAR2	HGNC	4501	-	ENSP00000246549
ffar2_g37_59966657	19:35939716	C	ENSG00000126262	ENST00000599180	Transcript	intron_variant	-	-	-	-	-	-	MODIFIER	-	1	-	FFAR2	HGNC	4501	YES	ENSP00000473159
ffar2_g37_59966657	19:35939716	C	ENSG00000126262	ENST00000601590	Transcript	intron_variant,non_coding_transcript_variant	-	-	-	-	-	-	MODIFIER	-	1	-	FFAR2	HGNC	4501	-	-
ffar2_g37_59966658	19:35939725	C	ENSG00000126262	ENST00000246549	Transcript	upstream_gene_variant	-	-	-	-	-	-	MODIFIER	892	1	-	FFAR2	HGNC	4501	-	ENSP00000246549
ffar2_g37_59966658	19:35939725	C	ENSG00000126262	ENST00000599180	Transcript	intron_variant	-	-	-	-	-	-	MODIFIER	-	1	-	FFAR2	HGNC	4501	YES	ENSP00000473159
ffar2_g37_59966658	19:35939725	C	ENSG00000126262	ENST00000601590	Transcript	intron_variant,non_coding_transcript_variant	-	-	-	-	-	-	MODIFIER	-	1	-	FFAR2	HGNC	4501	-	-
ffar2_g37_59966659	19:35939735	G	ENSG00000126262	ENST00000246549	Transcript	upstream_gene_variant	-	-	-	-	-	-	MODIFIER	882	1	-	FFAR2	HGNC	4501	-	ENSP00000246549
ffar2_g37_59966659	19:35939735	G	ENSG00000126262	ENST00000599180	Transcript	intron_variant	-	-	-	-	-	-	MODIFIER	-	1	-	FFAR2	HGNC	4501	YES	ENSP00000473159
ffar2_g37_59966659	19:35939735	G	ENSG00000126262	ENST00000601590	Transcript	intron_variant,non_coding_transcript_variant	-	-	-	-	-	-	MODIFIER	-	1	-	FFAR2	HGNC	4501	-	-
ffar2_g37_59966660	19:35939737	C	ENSG00000126262	ENST00000246549	Transcript	upstream_gene_variant	-	-	-	-	-	-	MODIFIER	880	1	-	FFAR2	HGNC	4501	-	ENSP00000246549
ffar2_g37_59966660	19:35939737	C	ENSG00000126262	ENST00000599180	Transcript	intron_variant	-	-	-	-	-	-	MODIFIER	-	1	-	FFAR2	HGNC	4501	YES	ENSP00000473159
ffar2_g37_59966660	19:35939737	C	ENSG00000126262	ENST00000601590	Transcript	intron_variant,non_coding_transcript_variant	-	-	-	-	-	-	MODIFIER	-	1	-	FFAR2	HGNC	4501	-	-
ffar2_g37_59966661	19:35939791	G	ENSG00000126262	ENST00000246549	Transcript	upstream_gene_variant	-	-	-	-	-	-	MODIFIER	826	1	-	FFAR2	HGNC	4501	-	ENSP00000246549
ffar2_g37_59966661	19:35939791	G	ENSG00000126262	ENST00000599180	Transcript	intron_variant	-	-	-	-	-	-	MODIFIER	-	1	-	FFAR2	HGNC	4501	YES	ENSP00000473159
ffar2_g37_59966661	19:35939791	G	ENSG00000126262	ENST00000601590	Transcript	intron_variant,non_coding_transcript_variant	-	-	-	-	-	-	MODIFIER	-	1	-	FFAR2	HGNC	4501	-	-
ffar2_g37_59966662	19:35939794	C	ENSG00000126262	ENST00000246549	Transcript	upstream_gene_variant	-	-	-	-	-	-	MODIFIER	823	1	-	FFAR2	HGNC	4501	-	ENSP00000246549
ffar2_g37_59966662	19:35939794	C	ENSG00000126262	ENST00000599180	Transcript	intron_variant	-	-	-	-	-	-	MODIFIER	-	1	-	FFAR2	HGNC	4501	YES	ENSP00000473159
ffar2_g37_59966662	19:35939794	C	ENSG00000126262	ENST00000601590	Transcript	intron_variant,non_coding_transcript_variant	-	-	-	-	-	-	MODIFIER	-	1	-	FFAR2	HGNC	4501	-	-
ffar2_g37_59966663	19:35939806	G	ENSG00000126262	ENST00000246549	Transcript	upstream_gene_variant	-	-	-	-	-	-	MODIFIER	811	1	-	FFAR2	HGNC	4501	-	ENSP00000246549
ffar2_g37_59966663	19:35939806	G	ENSG00000126262	ENST00000599180	Transcript	intron_variant	-	-	-	-	-	-	MODIFIER	-	1	-	FFAR2	HGNC	4501	YES	ENSP00000473159
ffar2_g37_59966663	19:35939806	G	ENSG00000126262	ENST00000601590	Transcript	intron_variant,non_coding_transcript_variant	-	-	-	-	-	-	MODIFIER	-	1	-	FFAR2	HGNC	4501	-	-
ffar2_g37_59966664	19:35939869	C	ENSG00000126262	ENST00000246549	Transcript	upstream_gene_variant	-	-	-	-	-	-	MODIFIER	748	1	-	FFAR2	HGNC	4501	-	ENSP00000246549
ffar2_g37_59966664	19:35939869	C	ENSG00000126262	ENST00000599180	Transcript	intron_variant	-	-	-	-	-	-	MODIFIER	-	1	-	FFAR2	HGNC	4501	YES	ENSP00000473159
ffar2_g37_59966664	19:35939869	C	ENSG00000126262	ENST00000601590	Transcript	intron_variant,non_coding_transcript_variant	-	-	-	-	-	-	MODIFIER	-	1	-	FFAR2	HGNC	4501	-	-
ffar2_g37_59966665	19:35939872	C	ENSG00000126262	ENST00000246549	Transcript	upstream_gene_variant	-	-	-	-	-	-	MODIFIER	745	1	-	FFAR2	HGNC	4501	-	ENSP00000246549
ffar2_g37_59966665	19:35939872	C	ENSG00000126262	ENST00000599180	Transcript	intron_variant	-	-	-	-	-	-	MODIFIER	-	1	-	FFAR2	HGNC	4501	YES	ENSP00000473159
ffar2_g37_59966665	19:35939872	C	ENSG00000126262	ENST00000601590	Transcript	intron_variant,non_coding_transcript_variant	-	-	-	-	-	-	MODIFIER	-	1	-	FFAR2	HGNC	4501	-	-
ffar2_g37_59966666	19:35939875	C	ENSG00000126262	ENST00000246549	Transcript	upstream_gene_variant	-	-	-	-	-	-	MODIFIER	742	1	-	FFAR2	HGNC	4501	-	ENSP00000246549
ffar2_g37_59966666	19:35939875	C	ENSG00000126262	ENST00000599180	Transcript	intron_variant	-	-	-	-	-	-	MODIFIER	-	1	-	FFAR2	HGNC	4501	YES	ENSP00000473159
ffar2_g37_59966666	19:35939875	C	ENSG00000126262	ENST00000601590	Transcript	intron_variant,non_coding_transcript_variant	-	-	-	-	-	-	MODIFIER	-	1	-	FFAR2	HGNC	4501	-	-
ffar2_g37_59966667	19:35939891	G	ENSG00000126262	ENST00000246549	Transcript	upstream_gene_variant	-	-	-	-	-	-	MODIFIER	726	1	-	FFAR2	HGNC	4501	-	ENSP00000246549
ffar2_g37_59966667	19:35939891	G	ENSG00000126262	ENST00000599180	Transcript	intron_variant	-	-	-	-	-	-	MODIFIER	-	1	-	FFAR2	HGNC	4501	YES	ENSP00000473159
ffar2_g37_59966667	19:35939891	G	ENSG00000126262	ENST00000601590	Transcript	intron_variant,non_coding_transcript_variant	-	-	-	-	-	-	MODIFIER	-	1	-	FFAR2	HGNC	4501	-	-
ffar2_g37_59966668	19:35939896	G	ENSG00000126262	ENST00000246549	Transcript	upstream_gene_variant	-	-	-	-	-	-	MODIFIER	721	1	-	FFAR2	HGNC	4501	-	ENSP00000246549
ffar2_g37_59966668	19:35939896	G	ENSG00000126262	ENST00000599180	Transcript	intron_variant	-	-	-	-	-	-	MODIFIER	-	1	-	FFAR2	HGNC	4501	YES	ENSP00000473159
ffar2_g37_59966668	19:35939896	G	ENSG00000126262	ENST00000601590	Transcript	intron_variant,non_coding_transcript_variant	-	-	-	-	-	-	MODIFIER	-	1	-	FFAR2	HGNC	4501	-	-
ffar2_g37_59966669	19:35939908	C	ENSG00000126262	ENST00000246549	Transcript	upstream_gene_variant	-	-	-	-	-	-	MODIFIER	709	1	-	FFAR2	HGNC	4501	-	ENSP00000246549
ffar2_g37_59966669	19:35939908	C	ENSG00000126262	ENST00000599180	Transcript	intron_variant	-	-	-	-	-	-	MODIFIER	-	1	-	FFAR2	HGNC	4501	YES	ENSP00000473159
ffar2_g37_59966669	19:35939908	C	ENSG00000126262	ENST00000601590	Transcript	intron_variant,non_coding_transcript_variant	-	-	-	-	-	-	MODIFIER	-	1	-	FFAR2	HGNC	4501	-	-
ffar2_g37_59966670	19:35939930	G	ENSG00000126262	ENST00000246549	Transcript	upstream_gene_variant	-	-	-	-	-	-	MODIFIER	687	1	-	FFAR2	HGNC	4501	-	ENSP00000246549
ffar2_g37_59966670	19:35939930	G	ENSG00000126262	ENST00000599180	Transcript	intron_variant	-	-	-	-	-	-	MODIFIER	-	1	-	FFAR2	HGNC	4501	YES	ENSP00000473159
ffar2_g37_59966670	19:35939930	G	ENSG00000126262	ENST00000601590	Transcript	intron_variant,non_coding_transcript_variant	-	-	-	-	-	-	MODIFIER	-	1	-	FFAR2	HGNC	4501	-	-
ffar2_g37_59966671	19:35939958	G	ENSG00000126262	ENST00000246549	Transcript	upstream_gene_variant	-	-	-	-	-	-	MODIFIER	659	1	-	FFAR2	HGNC	4501	-	ENSP00000246549
ffar2_g37_59966671	19:35939958	G	ENSG00000126262	ENST00000599180	Transcript	intron_variant	-	-	-	-	-	-	MODIFIER	-	1	-	FFAR2	HGNC	4501	YES	ENSP00000473159
ffar2_g37_59966671	19:35939958	G	ENSG00000126262	ENST00000601590	Transcript	intron_variant,non_coding_transcript_variant	-	-	-	-	-	-	MODIFIER	-	1	-	FFAR2	HGNC	4501	-	-
ffar2_g37_59966672	19:35939986	C	ENSG00000126262	ENST00000246549	Transcript	upstream_gene_variant	-	-	-	-	-	-	MODIFIER	631	1	-	FFAR2	HGNC	4501	-	ENSP00000246549
ffar2_g37_59966672	19:35939986	C	ENSG00000126262	ENST00000599180	Transcript	intron_variant	-	-	-	-	-	-	MODIFIER	-	1	-	FFAR2	HGNC	4501	YES	ENSP00000473159
ffar2_g37_59966672	19:35939986	C	ENSG00000126262	ENST00000601590	Transcript	intron_variant,non_coding_transcript_variant	-	-	-	-	-	-	MODIFIER	-	1	-	FFAR2	HGNC	4501	-	-
ffar2_g37_59966673	19:35940013	C	ENSG00000126262	ENST00000246549	Transcript	upstream_gene_variant	-	-	-	-	-	-	MODIFIER	604	1	-	FFAR2	HGNC	4501	-	ENSP00000246549
ffar2_g37_59966673	19:35940013	C	ENSG00000126262	ENST00000599180	Transcript	intron_variant	-	-	-	-	-	-	MODIFIER	-	1	-	FFAR2	HGNC	4501	YES	ENSP00000473159
ffar2_g37_59966673	19:35940013	C	ENSG00000126262	ENST00000601590	Transcript	intron_variant,non_coding_transcript_variant	-	-	-	-	-	-	MODIFIER	-	1	-	FFAR2	HGNC	4501	-	-
ffar2_g37_59966674	19:35940014	G	ENSG00000126262	ENST00000246549	Transcript	upstream_gene_variant	-	-	-	-	-	-	MODIFIER	603	1	-	FFAR2	HGNC	4501	-	ENSP00000246549
ffar2_g37_59966674	19:35940014	G	ENSG00000126262	ENST00000599180	Transcript	intron_variant	-	-	-	-	-	-	MODIFIER	-	1	-	FFAR2	HGNC	4501	YES	ENSP00000473159
ffar2_g37_59966674	19:35940014	G	ENSG00000126262	ENST00000601590	Transcript	intron_variant,non_coding_transcript_variant	-	-	-	-	-	-	MODIFIER	-	1	-	FFAR2	HGNC	4501	-	-
ffar2_g37_59966675	19:35940030	G	ENSG00000126262	ENST00000246549	Transcript	upstream_gene_variant	-	-	-	-	-	-	MODIFIER	587	1	-	FFAR2	HGNC	4501	-	ENSP00000246549
ffar2_g37_59966675	19:35940030	G	ENSG00000126262	ENST00000599180	Transcript	intron_variant	-	-	-	-	-	-	MODIFIER	-	1	-	FFAR2	HGNC	4501	YES	ENSP00000473159
ffar2_g37_59966675	19:35940030	G	ENSG00000126262	ENST00000601590	Transcript	intron_variant,non_coding_transcript_variant	-	-	-	-	-	-	MODIFIER	-	1	-	FFAR2	HGNC	4501	-	-
ffar2_g37_59966676	19:35940048	G	ENSG00000126262	ENST00000246549	Transcript	upstream_gene_variant	-	-	-	-	-	-	MODIFIER	569	1	-	FFAR2	HGNC	4501	-	ENSP00000246549
ffar2_g37_59966676	19:35940048	G	ENSG00000126262	ENST00000599180	Transcript	intron_variant	-	-	-	-	-	-	MODIFIER	-	1	-	FFAR2	HGNC	4501	YES	ENSP00000473159
ffar2_g37_59966676	19:35940048	G	ENSG00000126262	ENST00000601590	Transcript	intron_variant,non_coding_transcript_variant	-	-	-	-	-	-	MODIFIER	-	1	-	FFAR2	HGNC	4501	-	-
ffar2_g37_59966677	19:35940088	C	ENSG00000126262	ENST00000246549	Transcript	upstream_gene_variant	-	-	-	-	-	-	MODIFIER	529	1	-	FFAR2	HGNC	4501	-	ENSP00000246549
ffar2_g37_59966677	19:35940088	C	ENSG00000126262	ENST00000599180	Transcript	intron_variant	-	-	-	-	-	-	MODIFIER	-	1	-	FFAR2	HGNC	4501	YES	ENSP00000473159
ffar2_g37_59966677	19:35940088	C	ENSG00000126262	ENST00000601590	Transcript	intron_variant,non_coding_transcript_variant	-	-	-	-	-	-	MODIFIER	-	1	-	FFAR2	HGNC	4501	-	-
ffar2_g37_59966678	19:35940100	C	ENSG00000126262	ENST00000246549	Transcript	upstream_gene_variant	-	-	-	-	-	-	MODIFIER	517	1	-	FFAR2	HGNC	4501	-	ENSP00000246549
ffar2_g37_59966678	19:35940100	C	ENSG00000126262	ENST00000599180	Transcript	intron_variant	-	-	-	-	-	-	MODIFIER	-	1	-	FFAR2	HGNC	4501	YES	ENSP00000473159
ffar2_g37_59966678	19:35940100	C	ENSG00000126262	ENST00000601590	Transcript	intron_variant,non_coding_transcript_variant	-	-	-	-	-	-	MODIFIER	-	1	-	FFAR2	HGNC	4501	-	-
ffar2_g37_59966679	19:35940118	C	ENSG00000126262	ENST00000246549	Transcript	upstream_gene_variant	-	-	-	-	-	-	MODIFIER	499	1	-	FFAR2	HGNC	4501	-	ENSP00000246549
ffar2_g37_59966679	19:35940118	C	ENSG00000126262	ENST00000599180	Transcript	intron_variant	-	-	-	-	-	-	MODIFIER	-	1	-	FFAR2	HGNC	4501	YES	ENSP00000473159
ffar2_g37_59966679	19:35940118	C	ENSG00000126262	ENST00000601590	Transcript	intron_variant,non_coding_transcript_variant	-	-	-	-	-	-	MODIFIER	-	1	-	FFAR2	HGNC	4501	-	-
ffar2_g37_59966680	19:35940119	G	ENSG00000126262	ENST00000246549	Transcript	upstream_gene_variant	-	-	-	-	-	-	MODIFIER	498	1	-	FFAR2	HGNC	4501	-	ENSP00000246549
ffar2_g37_59966680	19:35940119	G	ENSG00000126262	ENST00000599180	Transcript	intron_variant	-	-	-	-	-	-	MODIFIER	-	1	-	FFAR2	HGNC	4501	YES	ENSP00000473159
ffar2_g37_59966680	19:35940119	G	ENSG00000126262	ENST00000601590	Transcript	intron_variant,non_coding_transcript_variant	-	-	-	-	-	-	MODIFIER	-	1	-	FFAR2	HGNC	4501	-	-
ffar2_g37_59966681	19:35940127	C	ENSG00000126262	ENST00000246549	Transcript	upstream_gene_variant	-	-	-	-	-	-	MODIFIER	490	1	-	FFAR2	HGNC	4501	-	ENSP00000246549
ffar2_g37_59966681	19:35940127	C	ENSG00000126262	ENST00000599180	Transcript	intron_variant	-	-	-	-	-	-	MODIFIER	-	1	-	FFAR2	HGNC	4501	YES	ENSP00000473159
ffar2_g37_59966681	19:35940127	C	ENSG00000126262	ENST00000601590	Transcript	intron_variant,non_coding_transcript_variant	-	-	-	-	-	-	MODIFIER	-	1	-	FFAR2	HGNC	4501	-	-
ffar2_g37_59966682	19:35940128	C	ENSG00000126262	ENST00000246549	Transcript	upstream_gene_variant	-	-	-	-	-	-	MODIFIER	489	1	-	FFAR2	HGNC	4501	-	ENSP00000246549
ffar2_g37_59966682	19:35940128	C	ENSG00000126262	ENST00000599180	Transcript	intron_variant	-	-	-	-	-	-	MODIFIER	-	1	-	FFAR2	HGNC	4501	YES	ENSP00000473159
ffar2_g37_59966682	19:35940128	C	ENSG00000126262	ENST00000601590	Transcript	intron_variant,non_coding_transcript_variant	-	-	-	-	-	-	MODIFIER	-	1	-	FFAR2	HGNC	4501	-	-
ffar2_g37_59966683	19:35940129	G	ENSG00000126262	ENST00000246549	Transcript	upstream_gene_variant	-	-	-	-	-	-	MODIFIER	488	1	-	FFAR2	HGNC	4501	-	ENSP00000246549
ffar2_g37_59966683	19:35940129	G	ENSG00000126262	ENST00000599180	Transcript	intron_variant	-	-	-	-	-	-	MODIFIER	-	1	-	FFAR2	HGNC	4501	YES	ENSP00000473159
ffar2_g37_59966683	19:35940129	G	ENSG00000126262	ENST00000601590	Transcript	intron_variant,non_coding_transcript_variant	-	-	-	-	-	-	MODIFIER	-	1	-	FFAR2	HGNC	4501	-	-
ffar2_g37_59966684	19:35940140	G	ENSG00000126262	ENST00000246549	Transcript	upstream_gene_variant	-	-	-	-	-	-	MODIFIER	477	1	-	FFAR2	HGNC	4501	-	ENSP00000246549
ffar2_g37_59966684	19:35940140	G	ENSG00000126262	ENST00000599180	Transcript	intron_variant	-	-	-	-	-	-	MODIFIER	-	1	-	FFAR2	HGNC	4501	YES	ENSP00000473159
ffar2_g37_59966684	19:35940140	G	ENSG00000126262	ENST00000601590	Transcript	intron_variant,non_coding_transcript_variant	-	-	-	-	-	-	MODIFIER	-	1	-	FFAR2	HGNC	4501	-	-
ffar2_g37_59966685	19:35940151	G	ENSG00000126262	ENST00000246549	Transcript	upstream_gene_variant	-	-	-	-	-	-	MODIFIER	466	1	-	FFAR2	HGNC	4501	-	ENSP00000246549
ffar2_g37_59966685	19:35940151	G	ENSG00000126262	ENST00000599180	Transcript	intron_variant	-	-	-	-	-	-	MODIFIER	-	1	-	FFAR2	HGNC	4501	YES	ENSP00000473159
ffar2_g37_59966685	19:35940151	G	ENSG00000126262	ENST00000601590	Transcript	intron_variant,non_coding_transcript_variant	-	-	-	-	-	-	MODIFIER	-	1	-	FFAR2	HGNC	4501	-	-
ffar2_g37_59966686	19:35940166	C	ENSG00000126262	ENST00000246549	Transcript	upstream_gene_variant	-	-	-	-	-	-	MODIFIER	451	1	-	FFAR2	HGNC	4501	-	ENSP00000246549
ffar2_g37_59966686	19:35940166	C	ENSG00000126262	ENST00000599180	Transcript	intron_variant	-	-	-	-	-	-	MODIFIER	-	1	-	FFAR2	HGNC	4501	YES	ENSP00000473159
ffar2_g37_59966686	19:35940166	C	ENSG00000126262	ENST00000601590	Transcript	intron_variant,non_coding_transcript_variant	-	-	-	-	-	-	MODIFIER	-	1	-	FFAR2	HGNC	4501	-	-
ffar2_g37_59966687	19:35940216	C	ENSG00000126262	ENST00000246549	Transcript	upstream_gene_variant	-	-	-	-	-	-	MODIFIER	401	1	-	FFAR2	HGNC	4501	-	ENSP00000246549
ffar2_g37_59966687	19:35940216	C	ENSG00000126262	ENST00000599180	Transcript	intron_variant	-	-	-	-	-	-	MODIFIER	-	1	-	FFAR2	HGNC	4501	YES	ENSP00000473159
ffar2_g37_59966687	19:35940216	C	ENSG00000126262	ENST00000601590	Transcript	intron_variant,non_coding_transcript_variant	-	-	-	-	-	-	MODIFIER	-	1	-	FFAR2	HGNC	4501	-	-
ffar2_g37_59966688	19:35940226	C	ENSG00000126262	ENST00000246549	Transcript	upstream_gene_variant	-	-	-	-	-	-	MODIFIER	391	1	-	FFAR2	HGNC	4501	-	ENSP00000246549
ffar2_g37_59966688	19:35940226	C	ENSG00000126262	ENST00000599180	Transcript	intron_variant	-	-	-	-	-	-	MODIFIER	-	1	-	FFAR2	HGNC	4501	YES	ENSP00000473159
ffar2_g37_59966688	19:35940226	C	ENSG00000126262	ENST00000601590	Transcript	intron_variant,non_coding_transcript_variant	-	-	-	-	-	-	MODIFIER	-	1	-	FFAR2	HGNC	4501	-	-
ffar2_g37_59966689	19:35940232	C	ENSG00000126262	ENST00000246549	Transcript	upstream_gene_variant	-	-	-	-	-	-	MODIFIER	385	1	-	FFAR2	HGNC	4501	-	ENSP00000246549
ffar2_g37_59966689	19:35940232	C	ENSG00000126262	ENST00000599180	Transcript	intron_variant	-	-	-	-	-	-	MODIFIER	-	1	-	FFAR2	HGNC	4501	YES	ENSP00000473159
ffar2_g37_59966689	19:35940232	C	ENSG00000126262	ENST00000601590	Transcript	intron_variant,non_coding_transcript_variant	-	-	-	-	-	-	MODIFIER	-	1	-	FFAR2	HGNC	4501	-	-
ffar2_g37_59966690	19:35940237	C	ENSG00000126262	ENST00000246549	Transcript	upstream_gene_variant	-	-	-	-	-	-	MODIFIER	380	1	-	FFAR2	HGNC	4501	-	ENSP00000246549
ffar2_g37_59966690	19:35940237	C	ENSG00000126262	ENST00000599180	Transcript	intron_variant	-	-	-	-	-	-	MODIFIER	-	1	-	FFAR2	HGNC	4501	YES	ENSP00000473159
ffar2_g37_59966690	19:35940237	C	ENSG00000126262	ENST00000601590	Transcript	intron_variant,non_coding_transcript_variant	-	-	-	-	-	-	MODIFIER	-	1	-	FFAR2	HGNC	4501	-	-
ffar2_g37_59966691	19:35940238	C	ENSG00000126262	ENST00000246549	Transcript	upstream_gene_variant	-	-	-	-	-	-	MODIFIER	379	1	-	FFAR2	HGNC	4501	-	ENSP00000246549
ffar2_g37_59966691	19:35940238	C	ENSG00000126262	ENST00000599180	Transcript	intron_variant	-	-	-	-	-	-	MODIFIER	-	1	-	FFAR2	HGNC	4501	YES	ENSP00000473159
ffar2_g37_59966691	19:35940238	C	ENSG00000126262	ENST00000601590	Transcript	intron_variant,non_coding_transcript_variant	-	-	-	-	-	-	MODIFIER	-	1	-	FFAR2	HGNC	4501	-	-
ffar2_g37_59966692	19:35940267	G	ENSG00000126262	ENST00000246549	Transcript	upstream_gene_variant	-	-	-	-	-	-	MODIFIER	350	1	-	FFAR2	HGNC	4501	-	ENSP00000246549
ffar2_g37_59966692	19:35940267	G	ENSG00000126262	ENST00000599180	Transcript	intron_variant	-	-	-	-	-	-	MODIFIER	-	1	-	FFAR2	HGNC	4501	YES	ENSP00000473159
ffar2_g37_59966692	19:35940267	G	ENSG00000126262	ENST00000601590	Transcript	intron_variant,non_coding_transcript_variant	-	-	-	-	-	-	MODIFIER	-	1	-	FFAR2	HGNC	4501	-	-
ffar2_g37_59966693	19:35940286	C	ENSG00000126262	ENST00000246549	Transcript	upstream_gene_variant	-	-	-	-	-	-	MODIFIER	331	1	-	FFAR2	HGNC	4501	-	ENSP00000246549
ffar2_g37_59966693	19:35940286	C	ENSG00000126262	ENST00000599180	Transcript	intron_variant	-	-	-	-	-	-	MODIFIER	-	1	-	FFAR2	HGNC	4501	YES	ENSP00000473159
ffar2_g37_59966693	19:35940286	C	ENSG00000126262	ENST00000601590	Transcript	intron_variant,non_coding_transcript_variant	-	-	-	-	-	-	MODIFIER	-	1	-	FFAR2	HGNC	4501	-	-
ffar2_g37_59966694	19:35940309	C	ENSG00000126262	ENST00000246549	Transcript	upstream_gene_variant	-	-	-	-	-	-	MODIFIER	308	1	-	FFAR2	HGNC	4501	-	ENSP00000246549
ffar2_g37_59966694	19:35940309	C	ENSG00000126262	ENST00000599180	Transcript	intron_variant	-	-	-	-	-	-	MODIFIER	-	1	-	FFAR2	HGNC	4501	YES	ENSP00000473159
ffar2_g37_59966694	19:35940309	C	ENSG00000126262	ENST00000601590	Transcript	intron_variant,non_coding_transcript_variant	-	-	-	-	-	-	MODIFIER	-	1	-	FFAR2	HGNC	4501	-	-
ffar2_g37_59966695	19:35940313	C	ENSG00000126262	ENST00000246549	Transcript	upstream_gene_variant	-	-	-	-	-	-	MODIFIER	304	1	-	FFAR2	HGNC	4501	-	ENSP00000246549
ffar2_g37_59966695	19:35940313	C	ENSG00000126262	ENST00000599180	Transcript	intron_variant	-	-	-	-	-	-	MODIFIER	-	1	-	FFAR2	HGNC	4501	YES	ENSP00000473159
ffar2_g37_59966695	19:35940313	C	ENSG00000126262	ENST00000601590	Transcript	intron_variant,non_coding_transcript_variant	-	-	-	-	-	-	MODIFIER	-	1	-	FFAR2	HGNC	4501	-	-
ffar2_g37_59966696	19:35940314	G	ENSG00000126262	ENST00000246549	Transcript	upstream_gene_variant	-	-	-	-	-	-	MODIFIER	303	1	-	FFAR2	HGNC	4501	-	ENSP00000246549
ffar2_g37_59966696	19:35940314	G	ENSG00000126262	ENST00000599180	Transcript	intron_variant	-	-	-	-	-	-	MODIFIER	-	1	-	FFAR2	HGNC	4501	YES	ENSP00000473159
ffar2_g37_59966696	19:35940314	G	ENSG00000126262	ENST00000601590	Transcript	intron_variant,non_coding_transcript_variant	-	-	-	-	-	-	MODIFIER	-	1	-	FFAR2	HGNC	4501	-	-
ffar2_g37_59966697	19:35940337	G	ENSG00000126262	ENST00000246549	Transcript	upstream_gene_variant	-	-	-	-	-	-	MODIFIER	280	1	-	FFAR2	HGNC	4501	-	ENSP00000246549
ffar2_g37_59966697	19:35940337	G	ENSG00000126262	ENST00000599180	Transcript	intron_variant	-	-	-	-	-	-	MODIFIER	-	1	-	FFAR2	HGNC	4501	YES	ENSP00000473159
ffar2_g37_59966697	19:35940337	G	ENSG00000126262	ENST00000601590	Transcript	intron_variant,non_coding_transcript_variant	-	-	-	-	-	-	MODIFIER	-	1	-	FFAR2	HGNC	4501	-	-
ffar2_g37_59966698	19:35940349	C	ENSG00000126262	ENST00000246549	Transcript	upstream_gene_variant	-	-	-	-	-	-	MODIFIER	268	1	-	FFAR2	HGNC	4501	-	ENSP00000246549
ffar2_g37_59966698	19:35940349	C	ENSG00000126262	ENST00000599180	Transcript	intron_variant	-	-	-	-	-	-	MODIFIER	-	1	-	FFAR2	HGNC	4501	YES	ENSP00000473159
ffar2_g37_59966698	19:35940349	C	ENSG00000126262	ENST00000601590	Transcript	intron_variant,non_coding_transcript_variant	-	-	-	-	-	-	MODIFIER	-	1	-	FFAR2	HGNC	4501	-	-
ffar2_g37_59966699	19:35940350	G	ENSG00000126262	ENST00000246549	Transcript	upstream_gene_variant	-	-	-	-	-	-	MODIFIER	267	1	-	FFAR2	HGNC	4501	-	ENSP00000246549
ffar2_g37_59966699	19:35940350	G	ENSG00000126262	ENST00000599180	Transcript	intron_variant	-	-	-	-	-	-	MODIFIER	-	1	-	FFAR2	HGNC	4501	YES	ENSP00000473159
ffar2_g37_59966699	19:35940350	G	ENSG00000126262	ENST00000601590	Transcript	intron_variant,non_coding_transcript_variant	-	-	-	-	-	-	MODIFIER	-	1	-	FFAR2	HGNC	4501	-	-
ffar2_g37_59966700	19:35940356	C	ENSG00000126262	ENST00000246549	Transcript	upstream_gene_variant	-	-	-	-	-	-	MODIFIER	261	1	-	FFAR2	HGNC	4501	-	ENSP00000246549
ffar2_g37_59966700	19:35940356	C	ENSG00000126262	ENST00000599180	Transcript	intron_variant	-	-	-	-	-	-	MODIFIER	-	1	-	FFAR2	HGNC	4501	YES	ENSP00000473159
ffar2_g37_59966700	19:35940356	C	ENSG00000126262	ENST00000601590	Transcript	intron_variant,non_coding_transcript_variant	-	-	-	-	-	-	MODIFIER	-	1	-	FFAR2	HGNC	4501	-	-
ffar2_g37_59966701	19:35940363	C	ENSG00000126262	ENST00000246549	Transcript	upstream_gene_variant	-	-	-	-	-	-	MODIFIER	254	1	-	FFAR2	HGNC	4501	-	ENSP00000246549
ffar2_g37_59966701	19:35940363	C	ENSG00000126262	ENST00000599180	Transcript	intron_variant	-	-	-	-	-	-	MODIFIER	-	1	-	FFAR2	HGNC	4501	YES	ENSP00000473159
ffar2_g37_59966701	19:35940363	C	ENSG00000126262	ENST00000601590	Transcript	intron_variant,non_coding_transcript_variant	-	-	-	-	-	-	MODIFIER	-	1	-	FFAR2	HGNC	4501	-	-
ffar2_g37_59966702	19:35940401	C	ENSG00000126262	ENST00000246549	Transcript	upstream_gene_variant	-	-	-	-	-	-	MODIFIER	216	1	-	FFAR2	HGNC	4501	-	ENSP00000246549
ffar2_g37_59966702	19:35940401	C	ENSG00000126262	ENST00000599180	Transcript	intron_variant	-	-	-	-	-	-	MODIFIER	-	1	-	FFAR2	HGNC	4501	YES	ENSP00000473159
ffar2_g37_59966702	19:35940401	C	ENSG00000126262	ENST00000601590	Transcript	intron_variant,non_coding_transcript_variant	-	-	-	-	-	-	MODIFIER	-	1	-	FFAR2	HGNC	4501	-	-
ffar2_g37_59966703	19:35940402	G	ENSG00000126262	ENST00000246549	Transcript	upstream_gene_variant	-	-	-	-	-	-	MODIFIER	215	1	-	FFAR2	HGNC	4501	-	ENSP00000246549
ffar2_g37_59966703	19:35940402	G	ENSG00000126262	ENST00000599180	Transcript	intron_variant	-	-	-	-	-	-	MODIFIER	-	1	-	FFAR2	HGNC	4501	YES	ENSP00000473159
ffar2_g37_59966703	19:35940402	G	ENSG00000126262	ENST00000601590	Transcript	intron_variant,non_coding_transcript_variant	-	-	-	-	-	-	MODIFIER	-	1	-	FFAR2	HGNC	4501	-	-
ffar2_g37_59966704	19:35940413	G	ENSG00000126262	ENST00000246549	Transcript	upstream_gene_variant	-	-	-	-	-	-	MODIFIER	204	1	-	FFAR2	HGNC	4501	-	ENSP00000246549
ffar2_g37_59966704	19:35940413	G	ENSG00000126262	ENST00000599180	Transcript	intron_variant	-	-	-	-	-	-	MODIFIER	-	1	-	FFAR2	HGNC	4501	YES	ENSP00000473159
ffar2_g37_59966704	19:35940413	G	ENSG00000126262	ENST00000601590	Transcript	intron_variant,non_coding_transcript_variant	-	-	-	-	-	-	MODIFIER	-	1	-	FFAR2	HGNC	4501	-	-
ffar2_g37_59966705	19:35940427	C	ENSG00000126262	ENST00000246549	Transcript	upstream_gene_variant	-	-	-	-	-	-	MODIFIER	190	1	-	FFAR2	HGNC	4501	-	ENSP00000246549
ffar2_g37_59966705	19:35940427	C	ENSG00000126262	ENST00000599180	Transcript	intron_variant	-	-	-	-	-	-	MODIFIER	-	1	-	FFAR2	HGNC	4501	YES	ENSP00000473159
ffar2_g37_59966705	19:35940427	C	ENSG00000126262	ENST00000601590	Transcript	intron_variant,non_coding_transcript_variant	-	-	-	-	-	-	MODIFIER	-	1	-	FFAR2	HGNC	4501	-	-
ffar2_g37_59966706	19:35940456	G	ENSG00000126262	ENST00000246549	Transcript	upstream_gene_variant	-	-	-	-	-	-	MODIFIER	161	1	-	FFAR2	HGNC	4501	-	ENSP00000246549
ffar2_g37_59966706	19:35940456	G	ENSG00000126262	ENST00000599180	Transcript	intron_variant	-	-	-	-	-	-	MODIFIER	-	1	-	FFAR2	HGNC	4501	YES	ENSP00000473159
ffar2_g37_59966706	19:35940456	G	ENSG00000126262	ENST00000601590	Transcript	intron_variant,non_coding_transcript_variant	-	-	-	-	-	-	MODIFIER	-	1	-	FFAR2	HGNC	4501	-	-
ffar2_g37_59966707	19:35940494	G	ENSG00000126262	ENST00000246549	Transcript	upstream_gene_variant	-	-	-	-	-	-	MODIFIER	123	1	-	FFAR2	HGNC	4501	-	ENSP00000246549
ffar2_g37_59966707	19:35940494	G	ENSG00000126262	ENST00000599180	Transcript	intron_variant	-	-	-	-	-	-	MODIFIER	-	1	-	FFAR2	HGNC	4501	YES	ENSP00000473159
ffar2_g37_59966707	19:35940494	G	ENSG00000126262	ENST00000601590	Transcript	intron_variant,non_coding_transcript_variant	-	-	-	-	-	-	MODIFIER	-	1	-	FFAR2	HGNC	4501	-	-
ffar2_g37_59966708	19:35940499	G	ENSG00000126262	ENST00000246549	Transcript	upstream_gene_variant	-	-	-	-	-	-	MODIFIER	118	1	-	FFAR2	HGNC	4501	-	ENSP00000246549
ffar2_g37_59966708	19:35940499	G	ENSG00000126262	ENST00000599180	Transcript	intron_variant	-	-	-	-	-	-	MODIFIER	-	1	-	FFAR2	HGNC	4501	YES	ENSP00000473159
ffar2_g37_59966708	19:35940499	G	ENSG00000126262	ENST00000601590	Transcript	intron_variant,non_coding_transcript_variant	-	-	-	-	-	-	MODIFIER	-	1	-	FFAR2	HGNC	4501	-	-
ffar2_g37_59966709	19:35940502	G	ENSG00000126262	ENST00000246549	Transcript	upstream_gene_variant	-	-	-	-	-	-	MODIFIER	115	1	-	FFAR2	HGNC	4501	-	ENSP00000246549
ffar2_g37_59966709	19:35940502	G	ENSG00000126262	ENST00000599180	Transcript	intron_variant	-	-	-	-	-	-	MODIFIER	-	1	-	FFAR2	HGNC	4501	YES	ENSP00000473159
ffar2_g37_59966709	19:35940502	G	ENSG00000126262	ENST00000601590	Transcript	intron_variant,non_coding_transcript_variant	-	-	-	-	-	-	MODIFIER	-	1	-	FFAR2	HGNC	4501	-	-
ffar2_g37_59966710	19:35940536	G	ENSG00000126262	ENST00000246549	Transcript	upstream_gene_variant	-	-	-	-	-	-	MODIFIER	81	1	-	FFAR2	HGNC	4501	-	ENSP00000246549
ffar2_g37_59966710	19:35940536	G	ENSG00000126262	ENST00000599180	Transcript	intron_variant	-	-	-	-	-	-	MODIFIER	-	1	-	FFAR2	HGNC	4501	YES	ENSP00000473159
ffar2_g37_59966710	19:35940536	G	ENSG00000126262	ENST00000601590	Transcript	intron_variant,non_coding_transcript_variant	-	-	-	-	-	-	MODIFIER	-	1	-	FFAR2	HGNC	4501	-	-
ffar2_g37_59966711	19:35940553	G	ENSG00000126262	ENST00000246549	Transcript	upstream_gene_variant	-	-	-	-	-	-	MODIFIER	64	1	-	FFAR2	HGNC	4501	-	ENSP00000246549
ffar2_g37_59966711	19:35940553	G	ENSG00000126262	ENST00000599180	Transcript	intron_variant	-	-	-	-	-	-	MODIFIER	-	1	-	FFAR2	HGNC	4501	YES	ENSP00000473159
ffar2_g37_59966711	19:35940553	G	ENSG00000126262	ENST00000601590	Transcript	intron_variant,non_coding_transcript_variant	-	-	-	-	-	-	MODIFIER	-	1	-	FFAR2	HGNC	4501	-	-
ffar2_g37_59966712	19:35940623	C	ENSG00000126262	ENST00000246549	Transcript	synonymous_variant	7	7	3	P	Ccg/Ccg	-	LOW	-	1	-	FFAR2	HGNC	4501	-	ENSP00000246549
ffar2_g37_59966712	19:35940623	C	ENSG00000126262	ENST00000599180	Transcript	synonymous_variant	87	7	3	P	Ccg/Ccg	-	LOW	-	1	-	FFAR2	HGNC	4501	YES	ENSP00000473159
ffar2_g37_59966712	19:35940623	C	ENSG00000126262	ENST00000601590	Transcript	intron_variant,non_coding_transcript_variant	-	-	-	-	-	-	MODIFIER	-	1	-	FFAR2	HGNC	4501	-	-
ffar2_g37_59966713	19:35940624	C	ENSG00000126262	ENST00000246549	Transcript	synonymous_variant	8	8	3	P	cCg/cCg	-	LOW	-	1	-	FFAR2	HGNC	4501	-	ENSP00000246549
ffar2_g37_59966713	19:35940624	C	ENSG00000126262	ENST00000599180	Transcript	synonymous_variant	88	8	3	P	cCg/cCg	-	LOW	-	1	-	FFAR2	HGNC	4501	YES	ENSP00000473159
ffar2_g37_59966713	19:35940624	C	ENSG00000126262	ENST00000601590	Transcript	intron_variant,non_coding_transcript_variant	-	-	-	-	-	-	MODIFIER	-	1	-	FFAR2	HGNC	4501	-	-
ffar2_g37_59966714	19:35940631	C	ENSG00000126262	ENST00000246549	Transcript	missense_variant	15	15	5	W/C	tgG/tgC	-	MODERATE	-	1	-	FFAR2	HGNC	4501	-	ENSP00000246549
ffar2_g37_59966714	19:35940631	C	ENSG00000126262	ENST00000599180	Transcript	missense_variant	95	15	5	W/C	tgG/tgC	-	MODERATE	-	1	-	FFAR2	HGNC	4501	YES	ENSP00000473159
ffar2_g37_59966714	19:35940631	C	ENSG00000126262	ENST00000601590	Transcript	intron_variant,non_coding_transcript_variant	-	-	-	-	-	-	MODIFIER	-	1	-	FFAR2	HGNC	4501	-	-
ffar2_g37_59966715	19:35940635	G	ENSG00000126262	ENST00000246549	Transcript	missense_variant	19	19	7	S/G	Agc/Ggc	-	MODERATE	-	1	-	FFAR2	HGNC	4501	-	ENSP00000246549
ffar2_g37_59966715	19:35940635	G	ENSG00000126262	ENST00000599180	Transcript	missense_variant	99	19	7	S/G	Agc/Ggc	-	MODERATE	-	1	-	FFAR2	HGNC	4501	YES	ENSP00000473159
ffar2_g37_59966715	19:35940635	G	ENSG00000126262	ENST00000601590	Transcript	intron_variant,non_coding_transcript_variant	-	-	-	-	-	-	MODIFIER	-	1	-	FFAR2	HGNC	4501	-	-
ffar2_g37_59966716	19:35940647	G	ENSG00000126262	ENST00000246549	Transcript	missense_variant	31	31	11	L/V	Ctc/Gtc	-	MODERATE	-	1	-	FFAR2	HGNC	4501	-	ENSP00000246549
ffar2_g37_59966716	19:35940647	G	ENSG00000126262	ENST00000599180	Transcript	missense_variant	111	31	11	L/V	Ctc/Gtc	-	MODERATE	-	1	-	FFAR2	HGNC	4501	YES	ENSP00000473159
ffar2_g37_59966716	19:35940647	G	ENSG00000126262	ENST00000601590	Transcript	intron_variant,non_coding_transcript_variant	-	-	-	-	-	-	MODIFIER	-	1	-	FFAR2	HGNC	4501	-	-
ffar2_g37_59966717	19:35940662	G	ENSG00000126262	ENST00000246549	Transcript	missense_variant	46	46	16	I/V	Atc/Gtc	-	MODERATE	-	1	-	FFAR2	HGNC	4501	-	ENSP00000246549
ffar2_g37_59966717	19:35940662	G	ENSG00000126262	ENST00000599180	Transcript	missense_variant	126	46	16	I/V	Atc/Gtc	-	MODERATE	-	1	-	FFAR2	HGNC	4501	YES	ENSP00000473159
ffar2_g37_59966717	19:35940662	G	ENSG00000126262	ENST00000601590	Transcript	intron_variant,non_coding_transcript_variant	-	-	-	-	-	-	MODIFIER	-	1	-	FFAR2	HGNC	4501	-	-
ffar2_g37_59966718	19:35940694	C	ENSG00000126262	ENST00000246549	Transcript	synonymous_variant	78	78	26	L	ctC/ctC	-	LOW	-	1	-	FFAR2	HGNC	4501	-	ENSP00000246549
ffar2_g37_59966718	19:35940694	C	ENSG00000126262	ENST00000599180	Transcript	synonymous_variant	158	78	26	L	ctC/ctC	-	LOW	-	1	-	FFAR2	HGNC	4501	YES	ENSP00000473159
ffar2_g37_59966718	19:35940694	C	ENSG00000126262	ENST00000601590	Transcript	intron_variant,non_coding_transcript_variant	-	-	-	-	-	-	MODIFIER	-	1	-	FFAR2	HGNC	4501	-	-
ffar2_g37_59966719	19:35940707	G	ENSG00000126262	ENST00000246549	Transcript	synonymous_variant	91	91	31	A	Gcc/Gcc	-	LOW	-	1	-	FFAR2	HGNC	4501	-	ENSP00000246549
ffar2_g37_59966719	19:35940707	G	ENSG00000126262	ENST00000599180	Transcript	synonymous_variant	171	91	31	A	Gcc/Gcc	-	LOW	-	1	-	FFAR2	HGNC	4501	YES	ENSP00000473159
ffar2_g37_59966719	19:35940707	G	ENSG00000126262	ENST00000601590	Transcript	intron_variant,non_coding_transcript_variant	-	-	-	-	-	-	MODIFIER	-	1	-	FFAR2	HGNC	4501	-	-
ffar2_g37_59966720	19:35940715	C	ENSG00000126262	ENST00000246549	Transcript	synonymous_variant	99	99	33	V	gtG/gtC	-	LOW	-	1	-	FFAR2	HGNC	4501	-	ENSP00000246549
ffar2_g37_59966720	19:35940715	C	ENSG00000126262	ENST00000599180	Transcript	synonymous_variant	179	99	33	V	gtG/gtC	-	LOW	-	1	-	FFAR2	HGNC	4501	YES	ENSP00000473159
ffar2_g37_59966720	19:35940715	C	ENSG00000126262	ENST00000601590	Transcript	intron_variant,non_coding_transcript_variant	-	-	-	-	-	-	MODIFIER	-	1	-	FFAR2	HGNC	4501	-	-
ffar2_g37_59966721	19:35940734	G	ENSG00000126262	ENST00000246549	Transcript	missense_variant	118	118	40	Q/E	Cag/Gag	-	MODERATE	-	1	-	FFAR2	HGNC	4501	-	ENSP00000246549
ffar2_g37_59966721	19:35940734	G	ENSG00000126262	ENST00000599180	Transcript	missense_variant	198	118	40	Q/E	Cag/Gag	-	MODERATE	-	1	-	FFAR2	HGNC	4501	YES	ENSP00000473159
ffar2_g37_59966721	19:35940734	G	ENSG00000126262	ENST00000601590	Transcript	intron_variant,non_coding_transcript_variant	-	-	-	-	-	-	MODIFIER	-	1	-	FFAR2	HGNC	4501	-	-
ffar2_g37_59966722	19:35940736	G	ENSG00000126262	ENST00000246549	Transcript	synonymous_variant	120	120	40	Q	caG/caG	-	LOW	-	1	-	FFAR2	HGNC	4501	-	ENSP00000246549
ffar2_g37_59966722	19:35940736	G	ENSG00000126262	ENST00000599180	Transcript	synonymous_variant	200	120	40	Q	caG/caG	-	LOW	-	1	-	FFAR2	HGNC	4501	YES	ENSP00000473159
ffar2_g37_59966722	19:35940736	G	ENSG00000126262	ENST00000601590	Transcript	intron_variant,non_coding_transcript_variant	-	-	-	-	-	-	MODIFIER	-	1	-	FFAR2	HGNC	4501	-	-
ffar2_g37_59966723	19:35940749	C	ENSG00000126262	ENST00000246549	Transcript	synonymous_variant	133	133	45	H	Cac/Cac	-	LOW	-	1	-	FFAR2	HGNC	4501	-	ENSP00000246549
ffar2_g37_59966723	19:35940749	C	ENSG00000126262	ENST00000599180	Transcript	synonymous_variant	213	133	45	H	Cac/Cac	-	LOW	-	1	-	FFAR2	HGNC	4501	YES	ENSP00000473159
ffar2_g37_59966723	19:35940749	C	ENSG00000126262	ENST00000601590	Transcript	intron_variant,non_coding_transcript_variant	-	-	-	-	-	-	MODIFIER	-	1	-	FFAR2	HGNC	4501	-	-
ffar2_g37_59966724	19:35940754	C	ENSG00000126262	ENST00000246549	Transcript	synonymous_variant	138	138	46	I	atC/atC	-	LOW	-	1	-	FFAR2	HGNC	4501	-	ENSP00000246549
ffar2_g37_59966724	19:35940754	C	ENSG00000126262	ENST00000599180	Transcript	synonymous_variant	218	138	46	I	atC/atC	-	LOW	-	1	-	FFAR2	HGNC	4501	YES	ENSP00000473159
ffar2_g37_59966724	19:35940754	C	ENSG00000126262	ENST00000601590	Transcript	intron_variant,non_coding_transcript_variant	-	-	-	-	-	-	MODIFIER	-	1	-	FFAR2	HGNC	4501	-	-
ffar2_g37_59966725	19:35940762	C	ENSG00000126262	ENST00000246549	Transcript	missense_variant	146	146	49	L/P	cTg/cCg	-	MODERATE	-	1	-	FFAR2	HGNC	4501	-	ENSP00000246549
ffar2_g37_59966725	19:35940762	C	ENSG00000126262	ENST00000599180	Transcript	missense_variant	226	146	49	L/P	cTg/cCg	-	MODERATE	-	1	-	FFAR2	HGNC	4501	YES	ENSP00000473159
ffar2_g37_59966725	19:35940762	C	ENSG00000126262	ENST00000601590	Transcript	intron_variant,non_coding_transcript_variant	-	-	-	-	-	-	MODIFIER	-	1	-	FFAR2	HGNC	4501	-	-
ffar2_g37_59966726	19:35940780	C	ENSG00000126262	ENST00000246549	Transcript	missense_variant	164	164	55	D/A	gAc/gCc	-	MODERATE	-	1	-	FFAR2	HGNC	4501	-	ENSP00000246549
ffar2_g37_59966726	19:35940780	C	ENSG00000126262	ENST00000599180	Transcript	missense_variant	244	164	55	D/A	gAc/gCc	-	MODERATE	-	1	-	FFAR2	HGNC	4501	YES	ENSP00000473159
ffar2_g37_59966726	19:35940780	C	ENSG00000126262	ENST00000601590	Transcript	intron_variant,non_coding_transcript_variant	-	-	-	-	-	-	MODIFIER	-	1	-	FFAR2	HGNC	4501	-	-
ffar2_g37_59966727	19:35940833	G	ENSG00000126262	ENST00000246549	Transcript	missense_variant	217	217	73	F/V	Ttc/Gtc	-	MODERATE	-	1	-	FFAR2	HGNC	4501	-	ENSP00000246549
ffar2_g37_59966727	19:35940833	G	ENSG00000126262	ENST00000599180	Transcript	missense_variant	297	217	73	F/V	Ttc/Gtc	-	MODERATE	-	1	-	FFAR2	HGNC	4501	YES	ENSP00000473159
ffar2_g37_59966727	19:35940833	G	ENSG00000126262	ENST00000601590	Transcript	intron_variant,non_coding_transcript_variant	-	-	-	-	-	-	MODIFIER	-	1	-	FFAR2	HGNC	4501	-	-
ffar2_g37_59966728	19:35940845	G	ENSG00000126262	ENST00000246549	Transcript	missense_variant	229	229	77	L/V	Ctg/Gtg	-	MODERATE	-	1	-	FFAR2	HGNC	4501	-	ENSP00000246549
ffar2_g37_59966728	19:35940845	G	ENSG00000126262	ENST00000599180	Transcript	missense_variant	309	229	77	L/V	Ctg/Gtg	-	MODERATE	-	1	-	FFAR2	HGNC	4501	YES	ENSP00000473159
ffar2_g37_59966728	19:35940845	G	ENSG00000126262	ENST00000601590	Transcript	intron_variant,non_coding_transcript_variant	-	-	-	-	-	-	MODIFIER	-	1	-	FFAR2	HGNC	4501	-	-
ffar2_g37_59966729	19:35940879	G	ENSG00000126262	ENST00000246549	Transcript	synonymous_variant	263	263	88	G	gGc/gGc	-	LOW	-	1	-	FFAR2	HGNC	4501	-	ENSP00000246549
ffar2_g37_59966729	19:35940879	G	ENSG00000126262	ENST00000599180	Transcript	synonymous_variant	343	263	88	G	gGc/gGc	-	LOW	-	1	-	FFAR2	HGNC	4501	YES	ENSP00000473159
ffar2_g37_59966729	19:35940879	G	ENSG00000126262	ENST00000601590	Transcript	intron_variant,non_coding_transcript_variant	-	-	-	-	-	-	MODIFIER	-	1	-	FFAR2	HGNC	4501	-	-
ffar2_g37_59966730	19:35940925	C	ENSG00000126262	ENST00000246549	Transcript	synonymous_variant	309	309	103	I	atC/atC	-	LOW	-	1	-	FFAR2	HGNC	4501	-	ENSP00000246549
ffar2_g37_59966730	19:35940925	C	ENSG00000126262	ENST00000599180	Transcript	synonymous_variant	389	309	103	I	atC/atC	-	LOW	-	1	-	FFAR2	HGNC	4501	YES	ENSP00000473159
ffar2_g37_59966730	19:35940925	C	ENSG00000126262	ENST00000601590	Transcript	intron_variant,non_coding_transcript_variant	-	-	-	-	-	-	MODIFIER	-	1	-	FFAR2	HGNC	4501	-	-
ffar2_g37_59966731	19:35940955	G	ENSG00000126262	ENST00000246549	Transcript	missense_variant	339	339	113	F/L	ttC/ttG	-	MODERATE	-	1	-	FFAR2	HGNC	4501	-	ENSP00000246549
ffar2_g37_59966731	19:35940955	G	ENSG00000126262	ENST00000599180	Transcript	missense_variant	419	339	113	F/L	ttC/ttG	-	MODERATE	-	1	-	FFAR2	HGNC	4501	YES	ENSP00000473159
ffar2_g37_59966731	19:35940955	G	ENSG00000126262	ENST00000601590	Transcript	intron_variant,non_coding_transcript_variant	-	-	-	-	-	-	MODIFIER	-	1	-	FFAR2	HGNC	4501	-	-
ffar2_g37_59966732	19:35940978	G	ENSG00000126262	ENST00000246549	Transcript	synonymous_variant	362	362	121	R	cGc/cGc	-	LOW	-	1	-	FFAR2	HGNC	4501	-	ENSP00000246549
ffar2_g37_59966732	19:35940978	G	ENSG00000126262	ENST00000599180	Transcript	synonymous_variant	442	362	121	R	cGc/cGc	-	LOW	-	1	-	FFAR2	HGNC	4501	YES	ENSP00000473159
ffar2_g37_59966732	19:35940978	G	ENSG00000126262	ENST00000601590	Transcript	intron_variant,non_coding_transcript_variant	-	-	-	-	-	-	MODIFIER	-	1	-	FFAR2	HGNC	4501	-	-
ffar2_g37_59966733	19:35940981	G	ENSG00000126262	ENST00000246549	Transcript	synonymous_variant	365	365	122	R	cGg/cGg	-	LOW	-	1	-	FFAR2	HGNC	4501	-	ENSP00000246549
ffar2_g37_59966733	19:35940981	G	ENSG00000126262	ENST00000599180	Transcript	synonymous_variant	445	365	122	R	cGg/cGg	-	LOW	-	1	-	FFAR2	HGNC	4501	YES	ENSP00000473159
ffar2_g37_59966733	19:35940981	G	ENSG00000126262	ENST00000601590	Transcript	intron_variant,non_coding_transcript_variant	-	-	-	-	-	-	MODIFIER	-	1	-	FFAR2	HGNC	4501	-	-
ffar2_g37_59966734	19:35940984	G	ENSG00000126262	ENST00000246549	Transcript	missense_variant	368	368	123	P/R	cCt/cGt	-	MODERATE	-	1	-	FFAR2	HGNC	4501	-	ENSP00000246549
ffar2_g37_59966734	19:35940984	G	ENSG00000126262	ENST00000599180	Transcript	missense_variant	448	368	123	P/R	cCt/cGt	-	MODERATE	-	1	-	FFAR2	HGNC	4501	YES	ENSP00000473159
ffar2_g37_59966734	19:35940984	G	ENSG00000126262	ENST00000601590	Transcript	intron_variant,non_coding_transcript_variant	-	-	-	-	-	-	MODIFIER	-	1	-	FFAR2	HGNC	4501	-	-
ffar2_g37_59966735	19:35941062	G	ENSG00000126262	ENST00000246549	Transcript	missense_variant	446	446	149	Y/C	tAc/tGc	-	MODERATE	-	1	-	FFAR2	HGNC	4501	-	ENSP00000246549
ffar2_g37_59966735	19:35941062	G	ENSG00000126262	ENST00000599180	Transcript	missense_variant	526	446	149	Y/C	tAc/tGc	-	MODERATE	-	1	-	FFAR2	HGNC	4501	YES	ENSP00000473159
ffar2_g37_59966735	19:35941062	G	ENSG00000126262	ENST00000601590	Transcript	intron_variant,non_coding_transcript_variant	-	-	-	-	-	-	MODIFIER	-	1	-	FFAR2	HGNC	4501	-	-
ffar2_g37_59966736	19:35941075	C	ENSG00000126262	ENST00000246549	Transcript	synonymous_variant	459	459	153	T	acT/acC	-	LOW	-	1	-	FFAR2	HGNC	4501	-	ENSP00000246549
ffar2_g37_59966736	19:35941075	C	ENSG00000126262	ENST00000599180	Transcript	synonymous_variant	539	459	153	T	acT/acC	-	LOW	-	1	-	FFAR2	HGNC	4501	YES	ENSP00000473159
ffar2_g37_59966736	19:35941075	C	ENSG00000126262	ENST00000601590	Transcript	intron_variant,non_coding_transcript_variant	-	-	-	-	-	-	MODIFIER	-	1	-	FFAR2	HGNC	4501	-	-
ffar2_g37_59966737	19:35941079	G	ENSG00000126262	ENST00000246549	Transcript	missense_variant	463	463	155	Q/E	Cag/Gag	-	MODERATE	-	1	-	FFAR2	HGNC	4501	-	ENSP00000246549
ffar2_g37_59966737	19:35941079	G	ENSG00000126262	ENST00000599180	Transcript	missense_variant	543	463	155	Q/E	Cag/Gag	-	MODERATE	-	1	-	FFAR2	HGNC	4501	YES	ENSP00000473159
ffar2_g37_59966737	19:35941079	G	ENSG00000126262	ENST00000601590	Transcript	intron_variant,non_coding_transcript_variant	-	-	-	-	-	-	MODIFIER	-	1	-	FFAR2	HGNC	4501	-	-
ffar2_g37_59966738	19:35941128	G	ENSG00000126262	ENST00000246549	Transcript	missense_variant	512	512	171	N/S	aAc/aGc	-	MODERATE	-	1	-	FFAR2	HGNC	4501	-	ENSP00000246549
ffar2_g37_59966738	19:35941128	G	ENSG00000126262	ENST00000599180	Transcript	missense_variant	592	512	171	N/S	aAc/aGc	-	MODERATE	-	1	-	FFAR2	HGNC	4501	YES	ENSP00000473159
ffar2_g37_59966738	19:35941128	G	ENSG00000126262	ENST00000601590	Transcript	intron_variant,non_coding_transcript_variant	-	-	-	-	-	-	MODIFIER	-	1	-	FFAR2	HGNC	4501	-	-
ffar2_g37_59966739	19:35941130	T	ENSG00000126262	ENST00000246549	Transcript	stop_gained	514	514	172	Q/*	Cag/Tag	-	HIGH	-	1	-	FFAR2	HGNC	4501	-	ENSP00000246549
ffar2_g37_59966739	19:35941130	T	ENSG00000126262	ENST00000599180	Transcript	stop_gained	594	514	172	Q/*	Cag/Tag	-	HIGH	-	1	-	FFAR2	HGNC	4501	YES	ENSP00000473159
ffar2_g37_59966739	19:35941130	T	ENSG00000126262	ENST00000601590	Transcript	intron_variant,non_coding_transcript_variant	-	-	-	-	-	-	MODIFIER	-	1	-	FFAR2	HGNC	4501	-	-
ffar2_g37_59966740	19:35941141	G	ENSG00000126262	ENST00000246549	Transcript	synonymous_variant	525	525	175	V	gtG/gtG	-	LOW	-	1	-	FFAR2	HGNC	4501	-	ENSP00000246549
ffar2_g37_59966740	19:35941141	G	ENSG00000126262	ENST00000599180	Transcript	synonymous_variant	605	525	175	V	gtG/gtG	-	LOW	-	1	-	FFAR2	HGNC	4501	YES	ENSP00000473159
ffar2_g37_59966740	19:35941141	G	ENSG00000126262	ENST00000601590	Transcript	intron_variant,non_coding_transcript_variant	-	-	-	-	-	-	MODIFIER	-	1	-	FFAR2	HGNC	4501	-	-
ffar2_g37_59966741	19:35941149	C	ENSG00000126262	ENST00000246549	Transcript	synonymous_variant	533	533	178	P	cCc/cCc	-	LOW	-	1	-	FFAR2	HGNC	4501	-	ENSP00000246549
ffar2_g37_59966741	19:35941149	C	ENSG00000126262	ENST00000599180	Transcript	synonymous_variant	613	533	178	P	cCc/cCc	-	LOW	-	1	-	FFAR2	HGNC	4501	YES	ENSP00000473159
ffar2_g37_59966741	19:35941149	C	ENSG00000126262	ENST00000601590	Transcript	intron_variant,non_coding_transcript_variant	-	-	-	-	-	-	MODIFIER	-	1	-	FFAR2	HGNC	4501	-	-
ffar2_g37_59966742	19:35941189	G	ENSG00000126262	ENST00000246549	Transcript	synonymous_variant	573	573	191	P	ccC/ccG	-	LOW	-	1	-	FFAR2	HGNC	4501	-	ENSP00000246549
ffar2_g37_59966742	19:35941189	G	ENSG00000126262	ENST00000599180	Transcript	synonymous_variant	653	573	191	P	ccC/ccG	-	LOW	-	1	-	FFAR2	HGNC	4501	YES	ENSP00000473159
ffar2_g37_59966742	19:35941189	G	ENSG00000126262	ENST00000601590	Transcript	intron_variant,non_coding_transcript_variant	-	-	-	-	-	-	MODIFIER	-	1	-	FFAR2	HGNC	4501	-	-
ffar2_g37_59966743	19:35941195-35941196	TAG	ENSG00000126262	ENST00000246549	Transcript	stop_gained,inframe_insertion	579-580	579-580	193-194	-/*	-/TAG	-	HIGH	-	1	-	FFAR2	HGNC	4501	-	ENSP00000246549
ffar2_g37_59966743	19:35941195-35941196	TAG	ENSG00000126262	ENST00000599180	Transcript	stop_gained,inframe_insertion	659-660	579-580	193-194	-/*	-/TAG	-	HIGH	-	1	-	FFAR2	HGNC	4501	YES	ENSP00000473159
ffar2_g37_59966743	19:35941195-35941196	TAG	ENSG00000126262	ENST00000601590	Transcript	intron_variant,non_coding_transcript_variant	-	-	-	-	-	-	MODIFIER	-	1	-	FFAR2	HGNC	4501	-	-
ffar2_g37_59966744	19:35941210-35941211	-	ENSG00000126262	ENST00000246549	Transcript	stop_gained,frameshift_variant	594-595	594-595	198-199	CY/*	tgCTac/tgac	-	HIGH	-	1	-	FFAR2	HGNC	4501	-	ENSP00000246549
ffar2_g37_59966744	19:35941210-35941211	-	ENSG00000126262	ENST00000599180	Transcript	stop_gained,frameshift_variant	674-675	594-595	198-199	CY/*	tgCTac/tgac	-	HIGH	-	1	-	FFAR2	HGNC	4501	YES	ENSP00000473159
ffar2_g37_59966744	19:35941210-35941211	-	ENSG00000126262	ENST00000601590	Transcript	intron_variant,non_coding_transcript_variant	-	-	-	-	-	-	MODIFIER	-	1	-	FFAR2	HGNC	4501	-	-
ffar2_g37_59966745	19:35941211	G	ENSG00000126262	ENST00000246549	Transcript	missense_variant	595	595	199	Y/D	Tac/Gac	-	MODERATE	-	1	-	FFAR2	HGNC	4501	-	ENSP00000246549
ffar2_g37_59966745	19:35941211	G	ENSG00000126262	ENST00000599180	Transcript	missense_variant	675	595	199	Y/D	Tac/Gac	-	MODERATE	-	1	-	FFAR2	HGNC	4501	YES	ENSP00000473159
ffar2_g37_59966745	19:35941211	G	ENSG00000126262	ENST00000601590	Transcript	intron_variant,non_coding_transcript_variant	-	-	-	-	-	-	MODIFIER	-	1	-	FFAR2	HGNC	4501	-	-
ffar2_g37_59966746	19:35941236	G	ENSG00000126262	ENST00000246549	Transcript	missense_variant	620	620	207	L/R	cTc/cGc	-	MODERATE	-	1	-	FFAR2	HGNC	4501	-	ENSP00000246549
ffar2_g37_59966746	19:35941236	G	ENSG00000126262	ENST00000599180	Transcript	missense_variant	700	620	207	L/R	cTc/cGc	-	MODERATE	-	1	-	FFAR2	HGNC	4501	YES	ENSP00000473159
ffar2_g37_59966746	19:35941236	G	ENSG00000126262	ENST00000601590	Transcript	intron_variant,non_coding_transcript_variant	-	-	-	-	-	-	MODIFIER	-	1	-	FFAR2	HGNC	4501	-	-
ffar2_g37_59966747	19:35941274	G	ENSG00000126262	ENST00000246549	Transcript	synonymous_variant	658	658	220	A	Gcc/Gcc	-	LOW	-	1	-	FFAR2	HGNC	4501	-	ENSP00000246549
ffar2_g37_59966747	19:35941274	G	ENSG00000126262	ENST00000599180	Transcript	synonymous_variant	738	658	220	A	Gcc/Gcc	-	LOW	-	1	-	FFAR2	HGNC	4501	YES	ENSP00000473159
ffar2_g37_59966747	19:35941274	G	ENSG00000126262	ENST00000601590	Transcript	intron_variant,non_coding_transcript_variant	-	-	-	-	-	-	MODIFIER	-	1	-	FFAR2	HGNC	4501	-	-
ffar2_g37_59966748	19:35941286	G	ENSG00000126262	ENST00000246549	Transcript	synonymous_variant	670	670	224	A	Gct/Gct	-	LOW	-	1	-	FFAR2	HGNC	4501	-	ENSP00000246549
ffar2_g37_59966748	19:35941286	G	ENSG00000126262	ENST00000599180	Transcript	synonymous_variant	750	670	224	A	Gct/Gct	-	LOW	-	1	-	FFAR2	HGNC	4501	YES	ENSP00000473159
ffar2_g37_59966748	19:35941286	G	ENSG00000126262	ENST00000601590	Transcript	intron_variant,non_coding_transcript_variant	-	-	-	-	-	-	MODIFIER	-	1	-	FFAR2	HGNC	4501	-	-
ffar2_g37_59966749	19:35941307-35941308	TAAATT	ENSG00000126262	ENST00000246549	Transcript	inframe_insertion	691-692	691-692	231	F/LNF	ttc/tTAAATTtc	-	MODERATE	-	1	-	FFAR2	HGNC	4501	-	ENSP00000246549
ffar2_g37_59966749	19:35941307-35941308	TAAATT	ENSG00000126262	ENST00000599180	Transcript	inframe_insertion	771-772	691-692	231	F/LNF	ttc/tTAAATTtc	-	MODERATE	-	1	-	FFAR2	HGNC	4501	YES	ENSP00000473159
ffar2_g37_59966749	19:35941307-35941308	TAAATT	ENSG00000126262	ENST00000601590	Transcript	intron_variant,non_coding_transcript_variant	-	-	-	-	-	-	MODIFIER	-	1	-	FFAR2	HGNC	4501	-	-
ffar2_g37_59966750	19:35941317	G	ENSG00000126262	ENST00000246549	Transcript	synonymous_variant	701	701	234	C	tGc/tGc	-	LOW	-	1	-	FFAR2	HGNC	4501	-	ENSP00000246549
ffar2_g37_59966750	19:35941317	G	ENSG00000126262	ENST00000599180	Transcript	synonymous_variant	781	701	234	C	tGc/tGc	-	LOW	-	1	-	FFAR2	HGNC	4501	YES	ENSP00000473159
ffar2_g37_59966750	19:35941317	G	ENSG00000126262	ENST00000601590	Transcript	intron_variant,non_coding_transcript_variant	-	-	-	-	-	-	MODIFIER	-	1	-	FFAR2	HGNC	4501	-	-
ffar2_g37_59966751	19:35941329-35941330	AG	ENSG00000126262	ENST00000246549	Transcript	stop_gained,frameshift_variant	713-714	713-714	238	Y/*	tac/taAGc	-	HIGH	-	1	-	FFAR2	HGNC	4501	-	ENSP00000246549
ffar2_g37_59966751	19:35941329-35941330	AG	ENSG00000126262	ENST00000599180	Transcript	stop_gained,frameshift_variant	793-794	713-714	238	Y/*	tac/taAGc	-	HIGH	-	1	-	FFAR2	HGNC	4501	YES	ENSP00000473159
ffar2_g37_59966751	19:35941329-35941330	AG	ENSG00000126262	ENST00000601590	Transcript	intron_variant,non_coding_transcript_variant	-	-	-	-	-	-	MODIFIER	-	1	-	FFAR2	HGNC	4501	-	-
ffar2_g37_59966752	19:35941345-35941346	T	ENSG00000126262	ENST00000246549	Transcript	frameshift_variant	729-730	729-730	243-244	-/X	-/T	-	HIGH	-	1	-	FFAR2	HGNC	4501	-	ENSP00000246549
ffar2_g37_59966752	19:35941345-35941346	T	ENSG00000126262	ENST00000599180	Transcript	frameshift_variant	809-810	729-730	243-244	-/X	-/T	-	HIGH	-	1	-	FFAR2	HGNC	4501	YES	ENSP00000473159
ffar2_g37_59966752	19:35941345-35941346	T	ENSG00000126262	ENST00000601590	Transcript	intron_variant,non_coding_transcript_variant	-	-	-	-	-	-	MODIFIER	-	1	-	FFAR2	HGNC	4501	-	-
ffar2_g37_59966753	19:35941389	G	ENSG00000126262	ENST00000246549	Transcript	missense_variant	773	773	258	A/G	gCc/gGc	-	MODERATE	-	1	-	FFAR2	HGNC	4501	-	ENSP00000246549
ffar2_g37_59966753	19:35941389	G	ENSG00000126262	ENST00000599180	Transcript	missense_variant	853	773	258	A/G	gCc/gGc	-	MODERATE	-	1	-	FFAR2	HGNC	4501	YES	ENSP00000473159
ffar2_g37_59966753	19:35941389	G	ENSG00000126262	ENST00000601590	Transcript	intron_variant,non_coding_transcript_variant	-	-	-	-	-	-	MODIFIER	-	1	-	FFAR2	HGNC	4501	-	-
ffar2_g37_59966754	19:35941402	G	ENSG00000126262	ENST00000246549	Transcript	missense_variant	786	786	262	S/R	agT/agG	-	MODERATE	-	1	-	FFAR2	HGNC	4501	-	ENSP00000246549
ffar2_g37_59966754	19:35941402	G	ENSG00000126262	ENST00000599180	Transcript	missense_variant	866	786	262	S/R	agT/agG	-	MODERATE	-	1	-	FFAR2	HGNC	4501	YES	ENSP00000473159
ffar2_g37_59966754	19:35941402	G	ENSG00000126262	ENST00000601590	Transcript	intron_variant,non_coding_transcript_variant	-	-	-	-	-	-	MODIFIER	-	1	-	FFAR2	HGNC	4501	-	-
ffar2_g37_59966755	19:35941419	G	ENSG00000126262	ENST00000246549	Transcript	missense_variant	803	803	268	L/R	cTg/cGg	-	MODERATE	-	1	-	FFAR2	HGNC	4501	-	ENSP00000246549
ffar2_g37_59966755	19:35941419	G	ENSG00000126262	ENST00000599180	Transcript	missense_variant	883	803	268	L/R	cTg/cGg	-	MODERATE	-	1	-	FFAR2	HGNC	4501	YES	ENSP00000473159
ffar2_g37_59966755	19:35941419	G	ENSG00000126262	ENST00000601590	Transcript	intron_variant,non_coding_transcript_variant	-	-	-	-	-	-	MODIFIER	-	1	-	FFAR2	HGNC	4501	-	-
ffar2_g37_59966756	19:35941444	C	ENSG00000126262	ENST00000246549	Transcript	synonymous_variant	828	828	276	S	tcT/tcC	-	LOW	-	1	-	FFAR2	HGNC	4501	-	ENSP00000246549
ffar2_g37_59966756	19:35941444	C	ENSG00000126262	ENST00000599180	Transcript	synonymous_variant	908	828	276	S	tcT/tcC	-	LOW	-	1	-	FFAR2	HGNC	4501	YES	ENSP00000473159
ffar2_g37_59966756	19:35941444	C	ENSG00000126262	ENST00000601590	Transcript	intron_variant,non_coding_transcript_variant	-	-	-	-	-	-	MODIFIER	-	1	-	FFAR2	HGNC	4501	-	-
ffar2_g37_59966757	19:35941479	G	ENSG00000126262	ENST00000246549	Transcript	missense_variant	863	863	288	L/R	cTg/cGg	-	MODERATE	-	1	-	FFAR2	HGNC	4501	-	ENSP00000246549
ffar2_g37_59966757	19:35941479	G	ENSG00000126262	ENST00000599180	Transcript	missense_variant	943	863	288	L/R	cTg/cGg	-	MODERATE	-	1	-	FFAR2	HGNC	4501	YES	ENSP00000473159
ffar2_g37_59966757	19:35941479	G	ENSG00000126262	ENST00000601590	Transcript	intron_variant,non_coding_transcript_variant	-	-	-	-	-	-	MODIFIER	-	1	-	FFAR2	HGNC	4501	-	-
ffar2_g37_59966758	19:35941501	G	ENSG00000126262	ENST00000246549	Transcript	synonymous_variant	885	885	295	G	ggC/ggG	-	LOW	-	1	-	FFAR2	HGNC	4501	-	ENSP00000246549
ffar2_g37_59966758	19:35941501	G	ENSG00000126262	ENST00000599180	Transcript	synonymous_variant	965	885	295	G	ggC/ggG	-	LOW	-	1	-	FFAR2	HGNC	4501	YES	ENSP00000473159
ffar2_g37_59966758	19:35941501	G	ENSG00000126262	ENST00000601590	Transcript	intron_variant,non_coding_transcript_variant	-	-	-	-	-	-	MODIFIER	-	1	-	FFAR2	HGNC	4501	-	-
ffar2_g37_59966759	19:35941510	C	ENSG00000126262	ENST00000246549	Transcript	synonymous_variant	894	894	298	L	ctG/ctC	-	LOW	-	1	-	FFAR2	HGNC	4501	-	ENSP00000246549
ffar2_g37_59966759	19:35941510	C	ENSG00000126262	ENST00000599180	Transcript	synonymous_variant	974	894	298	L	ctG/ctC	-	LOW	-	1	-	FFAR2	HGNC	4501	YES	ENSP00000473159
ffar2_g37_59966759	19:35941510	C	ENSG00000126262	ENST00000601590	Transcript	intron_variant,non_coding_transcript_variant	-	-	-	-	-	-	MODIFIER	-	1	-	FFAR2	HGNC	4501	-	-
ffar2_g37_59966760	19:35941533	C	ENSG00000126262	ENST00000246549	Transcript	synonymous_variant	917	917	306	T	aCa/aCa	-	LOW	-	1	-	FFAR2	HGNC	4501	-	ENSP00000246549
ffar2_g37_59966760	19:35941533	C	ENSG00000126262	ENST00000599180	Transcript	synonymous_variant	997	917	306	T	aCa/aCa	-	LOW	-	1	-	FFAR2	HGNC	4501	YES	ENSP00000473159
ffar2_g37_59966760	19:35941533	C	ENSG00000126262	ENST00000601590	Transcript	intron_variant,non_coding_transcript_variant	-	-	-	-	-	-	MODIFIER	-	1	-	FFAR2	HGNC	4501	-	-
ffar2_g37_59966761	19:35941540	G	ENSG00000126262	ENST00000246549	Transcript	synonymous_variant	924	924	308	E	gaG/gaG	-	LOW	-	1	-	FFAR2	HGNC	4501	-	ENSP00000246549
ffar2_g37_59966761	19:35941540	G	ENSG00000126262	ENST00000599180	Transcript	synonymous_variant	1004	924	308	E	gaG/gaG	-	LOW	-	1	-	FFAR2	HGNC	4501	YES	ENSP00000473159
ffar2_g37_59966761	19:35941540	G	ENSG00000126262	ENST00000601590	Transcript	intron_variant,non_coding_transcript_variant	-	-	-	-	-	-	MODIFIER	-	1	-	FFAR2	HGNC	4501	-	-
ffar2_g37_59966762	19:35941574-35941575	T	ENSG00000126262	ENST00000246549	Transcript	frameshift_variant	958-959	958-959	320	E/VX	gaa/gTaa	-	HIGH	-	1	-	FFAR2	HGNC	4501	-	ENSP00000246549
ffar2_g37_59966762	19:35941574-35941575	T	ENSG00000126262	ENST00000599180	Transcript	frameshift_variant	1038-1039	958-959	320	E/VX	gaa/gTaa	-	HIGH	-	1	-	FFAR2	HGNC	4501	YES	ENSP00000473159
ffar2_g37_59966762	19:35941574-35941575	T	ENSG00000126262	ENST00000601590	Transcript	intron_variant,non_coding_transcript_variant	-	-	-	-	-	-	MODIFIER	-	1	-	FFAR2	HGNC	4501	-	-
ffar2_g37_59966763	19:35941578	C	ENSG00000126262	ENST00000246549	Transcript	missense_variant	962	962	321	G/A	gGg/gCg	-	MODERATE	-	1	-	FFAR2	HGNC	4501	-	ENSP00000246549
ffar2_g37_59966763	19:35941578	C	ENSG00000126262	ENST00000599180	Transcript	missense_variant	1042	962	321	G/A	gGg/gCg	-	MODERATE	-	1	-	FFAR2	HGNC	4501	YES	ENSP00000473159
ffar2_g37_59966763	19:35941578	C	ENSG00000126262	ENST00000601590	Transcript	intron_variant,non_coding_transcript_variant	-	-	-	-	-	-	MODIFIER	-	1	-	FFAR2	HGNC	4501	-	-
ffar2_g37_59966764	19:35941592	G	ENSG00000126262	ENST00000246549	Transcript	synonymous_variant	976	976	326	D	Gac/Gac	-	LOW	-	1	-	FFAR2	HGNC	4501	-	ENSP00000246549
ffar2_g37_59966764	19:35941592	G	ENSG00000126262	ENST00000599180	Transcript	synonymous_variant	1056	976	326	D	Gac/Gac	-	LOW	-	1	-	FFAR2	HGNC	4501	YES	ENSP00000473159
ffar2_g37_59966764	19:35941592	G	ENSG00000126262	ENST00000601590	Transcript	intron_variant,non_coding_transcript_variant	-	-	-	-	-	-	MODIFIER	-	1	-	FFAR2	HGNC	4501	-	-
ffar2_g37_59966765	19:35941608	G	ENSG00000126262	ENST00000246549	Transcript	stop_lost	992	992	331	*/W	tAg/tGg	-	HIGH	-	1	-	FFAR2	HGNC	4501	-	ENSP00000246549
ffar2_g37_59966765	19:35941608	G	ENSG00000126262	ENST00000599180	Transcript	stop_lost	1072	992	331	*/W	tAg/tGg	-	HIGH	-	1	-	FFAR2	HGNC	4501	YES	ENSP00000473159
ffar2_g37_59966765	19:35941608	G	ENSG00000126262	ENST00000601590	Transcript	intron_variant,non_coding_transcript_variant	-	-	-	-	-	-	MODIFIER	-	1	-	FFAR2	HGNC	4501	-	-
ffar2_g37_59966766	19:35941635	C	ENSG00000126262	ENST00000246549	Transcript	3_prime_UTR_variant	1019	-	-	-	-	-	MODIFIER	-	1	-	FFAR2	HGNC	4501	-	ENSP00000246549
ffar2_g37_59966766	19:35941635	C	ENSG00000126262	ENST00000599180	Transcript	3_prime_UTR_variant	1099	-	-	-	-	-	MODIFIER	-	1	-	FFAR2	HGNC	4501	YES	ENSP00000473159
ffar2_g37_59966766	19:35941635	C	ENSG00000126262	ENST00000601590	Transcript	intron_variant,non_coding_transcript_variant	-	-	-	-	-	-	MODIFIER	-	1	-	FFAR2	HGNC	4501	-	-
ffar2_g37_59966767	19:35941643	G	ENSG00000126262	ENST00000246549	Transcript	3_prime_UTR_variant	1027	-	-	-	-	-	MODIFIER	-	1	-	FFAR2	HGNC	4501	-	ENSP00000246549
ffar2_g37_59966767	19:35941643	G	ENSG00000126262	ENST00000599180	Transcript	3_prime_UTR_variant	1107	-	-	-	-	-	MODIFIER	-	1	-	FFAR2	HGNC	4501	YES	ENSP00000473159
ffar2_g37_59966767	19:35941643	G	ENSG00000126262	ENST00000601590	Transcript	intron_variant,non_coding_transcript_variant	-	-	-	-	-	-	MODIFIER	-	1	-	FFAR2	HGNC	4501	-	-
ffar2_g37_59966768	19:35941695	G	ENSG00000126262	ENST00000246549	Transcript	3_prime_UTR_variant	1079	-	-	-	-	-	MODIFIER	-	1	-	FFAR2	HGNC	4501	-	ENSP00000246549
ffar2_g37_59966768	19:35941695	G	ENSG00000126262	ENST00000599180	Transcript	3_prime_UTR_variant	1159	-	-	-	-	-	MODIFIER	-	1	-	FFAR2	HGNC	4501	YES	ENSP00000473159
ffar2_g37_59966768	19:35941695	G	ENSG00000126262	ENST00000601590	Transcript	intron_variant,non_coding_transcript_variant	-	-	-	-	-	-	MODIFIER	-	1	-	FFAR2	HGNC	4501	-	-
ffar2_g37_59966769	19:35941713	C	ENSG00000126262	ENST00000246549	Transcript	3_prime_UTR_variant	1097	-	-	-	-	-	MODIFIER	-	1	-	FFAR2	HGNC	4501	-	ENSP00000246549
ffar2_g37_59966769	19:35941713	C	ENSG00000126262	ENST00000599180	Transcript	3_prime_UTR_variant	1177	-	-	-	-	-	MODIFIER	-	1	-	FFAR2	HGNC	4501	YES	ENSP00000473159
ffar2_g37_59966769	19:35941713	C	ENSG00000126262	ENST00000601590	Transcript	intron_variant,non_coding_transcript_variant	-	-	-	-	-	-	MODIFIER	-	1	-	FFAR2	HGNC	4501	-	-
ffar2_g37_59966770	19:35941714	G	ENSG00000126262	ENST00000246549	Transcript	3_prime_UTR_variant	1098	-	-	-	-	-	MODIFIER	-	1	-	FFAR2	HGNC	4501	-	ENSP00000246549
ffar2_g37_59966770	19:35941714	G	ENSG00000126262	ENST00000599180	Transcript	3_prime_UTR_variant	1178	-	-	-	-	-	MODIFIER	-	1	-	FFAR2	HGNC	4501	YES	ENSP00000473159
ffar2_g37_59966770	19:35941714	G	ENSG00000126262	ENST00000601590	Transcript	intron_variant,non_coding_transcript_variant	-	-	-	-	-	-	MODIFIER	-	1	-	FFAR2	HGNC	4501	-	-
ffar2_g37_59966771	19:35941725	C	ENSG00000126262	ENST00000246549	Transcript	3_prime_UTR_variant	1109	-	-	-	-	-	MODIFIER	-	1	-	FFAR2	HGNC	4501	-	ENSP00000246549
ffar2_g37_59966771	19:35941725	C	ENSG00000126262	ENST00000599180	Transcript	3_prime_UTR_variant	1189	-	-	-	-	-	MODIFIER	-	1	-	FFAR2	HGNC	4501	YES	ENSP00000473159
ffar2_g37_59966771	19:35941725	C	ENSG00000126262	ENST00000601590	Transcript	intron_variant,non_coding_transcript_variant	-	-	-	-	-	-	MODIFIER	-	1	-	FFAR2	HGNC	4501	-	-
ffar2_g37_59966772	19:35941728	G	ENSG00000126262	ENST00000246549	Transcript	3_prime_UTR_variant	1112	-	-	-	-	-	MODIFIER	-	1	-	FFAR2	HGNC	4501	-	ENSP00000246549
ffar2_g37_59966772	19:35941728	G	ENSG00000126262	ENST00000599180	Transcript	3_prime_UTR_variant	1192	-	-	-	-	-	MODIFIER	-	1	-	FFAR2	HGNC	4501	YES	ENSP00000473159
ffar2_g37_59966772	19:35941728	G	ENSG00000126262	ENST00000601590	Transcript	intron_variant,non_coding_transcript_variant	-	-	-	-	-	-	MODIFIER	-	1	-	FFAR2	HGNC	4501	-	-
ffar2_g37_59966773	19:35941762	C	ENSG00000126262	ENST00000246549	Transcript	3_prime_UTR_variant	1146	-	-	-	-	-	MODIFIER	-	1	-	FFAR2	HGNC	4501	-	ENSP00000246549
ffar2_g37_59966773	19:35941762	C	ENSG00000126262	ENST00000599180	Transcript	3_prime_UTR_variant	1226	-	-	-	-	-	MODIFIER	-	1	-	FFAR2	HGNC	4501	YES	ENSP00000473159
ffar2_g37_59966773	19:35941762	C	ENSG00000126262	ENST00000601590	Transcript	intron_variant,non_coding_transcript_variant	-	-	-	-	-	-	MODIFIER	-	1	-	FFAR2	HGNC	4501	-	-
ffar2_g37_59966774	19:35941763	G	ENSG00000126262	ENST00000246549	Transcript	3_prime_UTR_variant	1147	-	-	-	-	-	MODIFIER	-	1	-	FFAR2	HGNC	4501	-	ENSP00000246549
ffar2_g37_59966774	19:35941763	G	ENSG00000126262	ENST00000599180	Transcript	3_prime_UTR_variant	1227	-	-	-	-	-	MODIFIER	-	1	-	FFAR2	HGNC	4501	YES	ENSP00000473159
ffar2_g37_59966774	19:35941763	G	ENSG00000126262	ENST00000601590	Transcript	intron_variant,non_coding_transcript_variant	-	-	-	-	-	-	MODIFIER	-	1	-	FFAR2	HGNC	4501	-	-
ffar2_g37_59966775	19:35941774	G	ENSG00000126262	ENST00000246549	Transcript	3_prime_UTR_variant	1158	-	-	-	-	-	MODIFIER	-	1	-	FFAR2	HGNC	4501	-	ENSP00000246549
ffar2_g37_59966775	19:35941774	G	ENSG00000126262	ENST00000599180	Transcript	3_prime_UTR_variant	1238	-	-	-	-	-	MODIFIER	-	1	-	FFAR2	HGNC	4501	YES	ENSP00000473159
ffar2_g37_59966775	19:35941774	G	ENSG00000126262	ENST00000601590	Transcript	intron_variant,non_coding_transcript_variant	-	-	-	-	-	-	MODIFIER	-	1	-	FFAR2	HGNC	4501	-	-
ffar2_g37_59966776	19:35941846	C	ENSG00000126262	ENST00000246549	Transcript	3_prime_UTR_variant	1230	-	-	-	-	-	MODIFIER	-	1	-	FFAR2	HGNC	4501	-	ENSP00000246549
ffar2_g37_59966776	19:35941846	C	ENSG00000126262	ENST00000599180	Transcript	3_prime_UTR_variant	1310	-	-	-	-	-	MODIFIER	-	1	-	FFAR2	HGNC	4501	YES	ENSP00000473159
ffar2_g37_59966776	19:35941846	C	ENSG00000126262	ENST00000601590	Transcript	intron_variant,non_coding_transcript_variant	-	-	-	-	-	-	MODIFIER	-	1	-	FFAR2	HGNC	4501	-	-
ffar2_g37_59966777	19:35941854	G	ENSG00000126262	ENST00000246549	Transcript	3_prime_UTR_variant	1238	-	-	-	-	-	MODIFIER	-	1	-	FFAR2	HGNC	4501	-	ENSP00000246549
ffar2_g37_59966777	19:35941854	G	ENSG00000126262	ENST00000599180	Transcript	3_prime_UTR_variant	1318	-	-	-	-	-	MODIFIER	-	1	-	FFAR2	HGNC	4501	YES	ENSP00000473159
ffar2_g37_59966777	19:35941854	G	ENSG00000126262	ENST00000601590	Transcript	intron_variant,non_coding_transcript_variant	-	-	-	-	-	-	MODIFIER	-	1	-	FFAR2	HGNC	4501	-	-
ffar2_g37_59966778	19:35941861	G	ENSG00000126262	ENST00000246549	Transcript	3_prime_UTR_variant	1245	-	-	-	-	-	MODIFIER	-	1	-	FFAR2	HGNC	4501	-	ENSP00000246549
ffar2_g37_59966778	19:35941861	G	ENSG00000126262	ENST00000599180	Transcript	3_prime_UTR_variant	1325	-	-	-	-	-	MODIFIER	-	1	-	FFAR2	HGNC	4501	YES	ENSP00000473159
ffar2_g37_59966778	19:35941861	G	ENSG00000126262	ENST00000601590	Transcript	intron_variant,non_coding_transcript_variant	-	-	-	-	-	-	MODIFIER	-	1	-	FFAR2	HGNC	4501	-	-
ffar2_g37_59966779	19:35941875	G	ENSG00000126262	ENST00000246549	Transcript	3_prime_UTR_variant	1259	-	-	-	-	-	MODIFIER	-	1	-	FFAR2	HGNC	4501	-	ENSP00000246549
ffar2_g37_59966779	19:35941875	G	ENSG00000126262	ENST00000599180	Transcript	3_prime_UTR_variant	1339	-	-	-	-	-	MODIFIER	-	1	-	FFAR2	HGNC	4501	YES	ENSP00000473159
ffar2_g37_59966779	19:35941875	G	ENSG00000126262	ENST00000601590	Transcript	intron_variant,non_coding_transcript_variant	-	-	-	-	-	-	MODIFIER	-	1	-	FFAR2	HGNC	4501	-	-
ffar2_g37_59966780	19:35941890-35941891	T	ENSG00000126262	ENST00000246549	Transcript	3_prime_UTR_variant	1274-1275	-	-	-	-	-	MODIFIER	-	1	-	FFAR2	HGNC	4501	-	ENSP00000246549
ffar2_g37_59966780	19:35941890-35941891	T	ENSG00000126262	ENST00000599180	Transcript	3_prime_UTR_variant	1354-1355	-	-	-	-	-	MODIFIER	-	1	-	FFAR2	HGNC	4501	YES	ENSP00000473159
ffar2_g37_59966780	19:35941890-35941891	T	ENSG00000126262	ENST00000601590	Transcript	intron_variant,non_coding_transcript_variant	-	-	-	-	-	-	MODIFIER	-	1	-	FFAR2	HGNC	4501	-	-
ffar2_g37_59966781	19:35941947	G	ENSG00000126262	ENST00000246549	Transcript	3_prime_UTR_variant	1331	-	-	-	-	-	MODIFIER	-	1	-	FFAR2	HGNC	4501	-	ENSP00000246549
ffar2_g37_59966781	19:35941947	G	ENSG00000126262	ENST00000599180	Transcript	3_prime_UTR_variant	1411	-	-	-	-	-	MODIFIER	-	1	-	FFAR2	HGNC	4501	YES	ENSP00000473159
ffar2_g37_59966781	19:35941947	G	ENSG00000126262	ENST00000601590	Transcript	intron_variant,non_coding_transcript_variant	-	-	-	-	-	-	MODIFIER	-	1	-	FFAR2	HGNC	4501	-	-
ffar2_g37_59966782	19:35941948	C	ENSG00000126262	ENST00000246549	Transcript	3_prime_UTR_variant	1332	-	-	-	-	-	MODIFIER	-	1	-	FFAR2	HGNC	4501	-	ENSP00000246549
ffar2_g37_59966782	19:35941948	C	ENSG00000126262	ENST00000599180	Transcript	3_prime_UTR_variant	1412	-	-	-	-	-	MODIFIER	-	1	-	FFAR2	HGNC	4501	YES	ENSP00000473159
ffar2_g37_59966782	19:35941948	C	ENSG00000126262	ENST00000601590	Transcript	intron_variant,non_coding_transcript_variant	-	-	-	-	-	-	MODIFIER	-	1	-	FFAR2	HGNC	4501	-	-
ffar2_g37_59966783	19:35941951	C	ENSG00000126262	ENST00000246549	Transcript	3_prime_UTR_variant	1335	-	-	-	-	-	MODIFIER	-	1	-	FFAR2	HGNC	4501	-	ENSP00000246549
ffar2_g37_59966783	19:35941951	C	ENSG00000126262	ENST00000599180	Transcript	3_prime_UTR_variant	1415	-	-	-	-	-	MODIFIER	-	1	-	FFAR2	HGNC	4501	YES	ENSP00000473159
ffar2_g37_59966783	19:35941951	C	ENSG00000126262	ENST00000601590	Transcript	intron_variant,non_coding_transcript_variant	-	-	-	-	-	-	MODIFIER	-	1	-	FFAR2	HGNC	4501	-	-
ffar2_g37_59966784	19:35941968	C	ENSG00000126262	ENST00000246549	Transcript	3_prime_UTR_variant	1352	-	-	-	-	-	MODIFIER	-	1	-	FFAR2	HGNC	4501	-	ENSP00000246549
ffar2_g37_59966784	19:35941968	C	ENSG00000126262	ENST00000599180	Transcript	3_prime_UTR_variant	1432	-	-	-	-	-	MODIFIER	-	1	-	FFAR2	HGNC	4501	YES	ENSP00000473159
ffar2_g37_59966784	19:35941968	C	ENSG00000126262	ENST00000601590	Transcript	intron_variant,non_coding_transcript_variant	-	-	-	-	-	-	MODIFIER	-	1	-	FFAR2	HGNC	4501	-	-
ffar2_g37_59966785	19:35942002	C	ENSG00000126262	ENST00000246549	Transcript	3_prime_UTR_variant	1386	-	-	-	-	-	MODIFIER	-	1	-	FFAR2	HGNC	4501	-	ENSP00000246549
ffar2_g37_59966785	19:35942002	C	ENSG00000126262	ENST00000599180	Transcript	3_prime_UTR_variant	1466	-	-	-	-	-	MODIFIER	-	1	-	FFAR2	HGNC	4501	YES	ENSP00000473159
ffar2_g37_59966785	19:35942002	C	ENSG00000126262	ENST00000601590	Transcript	intron_variant,non_coding_transcript_variant	-	-	-	-	-	-	MODIFIER	-	1	-	FFAR2	HGNC	4501	-	-
ffar2_g37_59966786	19:35942007	C	ENSG00000126262	ENST00000246549	Transcript	3_prime_UTR_variant	1391	-	-	-	-	-	MODIFIER	-	1	-	FFAR2	HGNC	4501	-	ENSP00000246549
ffar2_g37_59966786	19:35942007	C	ENSG00000126262	ENST00000599180	Transcript	3_prime_UTR_variant	1471	-	-	-	-	-	MODIFIER	-	1	-	FFAR2	HGNC	4501	YES	ENSP00000473159
ffar2_g37_59966786	19:35942007	C	ENSG00000126262	ENST00000601590	Transcript	intron_variant,non_coding_transcript_variant	-	-	-	-	-	-	MODIFIER	-	1	-	FFAR2	HGNC	4501	-	-
ffar2_g37_59966787	19:35942009	G	ENSG00000126262	ENST00000246549	Transcript	3_prime_UTR_variant	1393	-	-	-	-	-	MODIFIER	-	1	-	FFAR2	HGNC	4501	-	ENSP00000246549
ffar2_g37_59966787	19:35942009	G	ENSG00000126262	ENST00000599180	Transcript	3_prime_UTR_variant	1473	-	-	-	-	-	MODIFIER	-	1	-	FFAR2	HGNC	4501	YES	ENSP00000473159
ffar2_g37_59966787	19:35942009	G	ENSG00000126262	ENST00000601590	Transcript	intron_variant,non_coding_transcript_variant	-	-	-	-	-	-	MODIFIER	-	1	-	FFAR2	HGNC	4501	-	-
ffar2_g37_59966788	19:35942028	G	ENSG00000126262	ENST00000246549	Transcript	3_prime_UTR_variant	1412	-	-	-	-	-	MODIFIER	-	1	-	FFAR2	HGNC	4501	-	ENSP00000246549
ffar2_g37_59966788	19:35942028	G	ENSG00000126262	ENST00000599180	Transcript	3_prime_UTR_variant	1492	-	-	-	-	-	MODIFIER	-	1	-	FFAR2	HGNC	4501	YES	ENSP00000473159
ffar2_g37_59966788	19:35942028	G	ENSG00000126262	ENST00000601590	Transcript	intron_variant,non_coding_transcript_variant	-	-	-	-	-	-	MODIFIER	-	1	-	FFAR2	HGNC	4501	-	-
ffar2_g37_59966789	19:35942032	G	ENSG00000126262	ENST00000246549	Transcript	3_prime_UTR_variant	1416	-	-	-	-	-	MODIFIER	-	1	-	FFAR2	HGNC	4501	-	ENSP00000246549
ffar2_g37_59966789	19:35942032	G	ENSG00000126262	ENST00000599180	Transcript	3_prime_UTR_variant	1496	-	-	-	-	-	MODIFIER	-	1	-	FFAR2	HGNC	4501	YES	ENSP00000473159
ffar2_g37_59966789	19:35942032	G	ENSG00000126262	ENST00000601590	Transcript	intron_variant,non_coding_transcript_variant	-	-	-	-	-	-	MODIFIER	-	1	-	FFAR2	HGNC	4501	-	-
ffar2_g37_59966790	19:35942039	C	ENSG00000126262	ENST00000246549	Transcript	3_prime_UTR_variant	1423	-	-	-	-	-	MODIFIER	-	1	-	FFAR2	HGNC	4501	-	ENSP00000246549
ffar2_g37_59966790	19:35942039	C	ENSG00000126262	ENST00000599180	Transcript	3_prime_UTR_variant	1503	-	-	-	-	-	MODIFIER	-	1	-	FFAR2	HGNC	4501	YES	ENSP00000473159
ffar2_g37_59966790	19:35942039	C	ENSG00000126262	ENST00000601590	Transcript	splice_polypyrimidine_tract_variant,intron_variant,non_coding_transcript_variant	-	-	-	-	-	-	LOW	-	1	-	FFAR2	HGNC	4501	-	-
ffar2_g37_59966791	19:35942043	C	ENSG00000126262	ENST00000246549	Transcript	3_prime_UTR_variant	1427	-	-	-	-	-	MODIFIER	-	1	-	FFAR2	HGNC	4501	-	ENSP00000246549
ffar2_g37_59966791	19:35942043	C	ENSG00000126262	ENST00000599180	Transcript	3_prime_UTR_variant	1507	-	-	-	-	-	MODIFIER	-	1	-	FFAR2	HGNC	4501	YES	ENSP00000473159
ffar2_g37_59966791	19:35942043	C	ENSG00000126262	ENST00000601590	Transcript	splice_polypyrimidine_tract_variant,intron_variant,non_coding_transcript_variant	-	-	-	-	-	-	LOW	-	1	-	FFAR2	HGNC	4501	-	-
ffar2_g37_59966792	19:35942044	G	ENSG00000126262	ENST00000246549	Transcript	3_prime_UTR_variant	1428	-	-	-	-	-	MODIFIER	-	1	-	FFAR2	HGNC	4501	-	ENSP00000246549
ffar2_g37_59966792	19:35942044	G	ENSG00000126262	ENST00000599180	Transcript	3_prime_UTR_variant	1508	-	-	-	-	-	MODIFIER	-	1	-	FFAR2	HGNC	4501	YES	ENSP00000473159
ffar2_g37_59966792	19:35942044	G	ENSG00000126262	ENST00000601590	Transcript	splice_polypyrimidine_tract_variant,intron_variant,non_coding_transcript_variant	-	-	-	-	-	-	LOW	-	1	-	FFAR2	HGNC	4501	-	-
ffar2_g37_59966793	19:35942106-35942107	CTC	ENSG00000126262	ENST00000246549	Transcript	3_prime_UTR_variant	1490-1491	-	-	-	-	-	MODIFIER	-	1	-	FFAR2	HGNC	4501	-	ENSP00000246549
ffar2_g37_59966793	19:35942106-35942107	CTC	ENSG00000126262	ENST00000599180	Transcript	3_prime_UTR_variant	1570-1571	-	-	-	-	-	MODIFIER	-	1	-	FFAR2	HGNC	4501	YES	ENSP00000473159
ffar2_g37_59966793	19:35942106-35942107	CTC	ENSG00000126262	ENST00000601590	Transcript	non_coding_transcript_exon_variant	68-69	-	-	-	-	-	MODIFIER	-	1	-	FFAR2	HGNC	4501	-	-
ffar2_g37_59966794	19:35942129	G	ENSG00000126262	ENST00000246549	Transcript	3_prime_UTR_variant	1513	-	-	-	-	-	MODIFIER	-	1	-	FFAR2	HGNC	4501	-	ENSP00000246549
ffar2_g37_59966794	19:35942129	G	ENSG00000126262	ENST00000599180	Transcript	3_prime_UTR_variant	1593	-	-	-	-	-	MODIFIER	-	1	-	FFAR2	HGNC	4501	YES	ENSP00000473159
ffar2_g37_59966794	19:35942129	G	ENSG00000126262	ENST00000601590	Transcript	non_coding_transcript_exon_variant	91	-	-	-	-	-	MODIFIER	-	1	-	FFAR2	HGNC	4501	-	-
ffar2_g37_59966795	19:35942134	G	ENSG00000126262	ENST00000246549	Transcript	3_prime_UTR_variant	1518	-	-	-	-	-	MODIFIER	-	1	-	FFAR2	HGNC	4501	-	ENSP00000246549
ffar2_g37_59966795	19:35942134	G	ENSG00000126262	ENST00000599180	Transcript	3_prime_UTR_variant	1598	-	-	-	-	-	MODIFIER	-	1	-	FFAR2	HGNC	4501	YES	ENSP00000473159
ffar2_g37_59966795	19:35942134	G	ENSG00000126262	ENST00000601590	Transcript	non_coding_transcript_exon_variant	96	-	-	-	-	-	MODIFIER	-	1	-	FFAR2	HGNC	4501	-	-
ffar2_g37_59966796	19:35942161	C	ENSG00000126262	ENST00000246549	Transcript	3_prime_UTR_variant	1545	-	-	-	-	-	MODIFIER	-	1	-	FFAR2	HGNC	4501	-	ENSP00000246549
ffar2_g37_59966796	19:35942161	C	ENSG00000126262	ENST00000599180	Transcript	3_prime_UTR_variant	1625	-	-	-	-	-	MODIFIER	-	1	-	FFAR2	HGNC	4501	YES	ENSP00000473159
ffar2_g37_59966796	19:35942161	C	ENSG00000126262	ENST00000601590	Transcript	non_coding_transcript_exon_variant	123	-	-	-	-	-	MODIFIER	-	1	-	FFAR2	HGNC	4501	-	-
ffar2_g37_59966797	19:35942171	C	ENSG00000126262	ENST00000246549	Transcript	3_prime_UTR_variant	1555	-	-	-	-	-	MODIFIER	-	1	-	FFAR2	HGNC	4501	-	ENSP00000246549
ffar2_g37_59966797	19:35942171	C	ENSG00000126262	ENST00000599180	Transcript	3_prime_UTR_variant	1635	-	-	-	-	-	MODIFIER	-	1	-	FFAR2	HGNC	4501	YES	ENSP00000473159
ffar2_g37_59966797	19:35942171	C	ENSG00000126262	ENST00000601590	Transcript	non_coding_transcript_exon_variant	133	-	-	-	-	-	MODIFIER	-	1	-	FFAR2	HGNC	4501	-	-
ffar2_g37_59966798	19:35942174	G	ENSG00000126262	ENST00000246549	Transcript	3_prime_UTR_variant	1558	-	-	-	-	-	MODIFIER	-	1	-	FFAR2	HGNC	4501	-	ENSP00000246549
ffar2_g37_59966798	19:35942174	G	ENSG00000126262	ENST00000599180	Transcript	3_prime_UTR_variant	1638	-	-	-	-	-	MODIFIER	-	1	-	FFAR2	HGNC	4501	YES	ENSP00000473159
ffar2_g37_59966798	19:35942174	G	ENSG00000126262	ENST00000601590	Transcript	non_coding_transcript_exon_variant	136	-	-	-	-	-	MODIFIER	-	1	-	FFAR2	HGNC	4501	-	-
ffar2_g37_59966799	19:35942178	G	ENSG00000126262	ENST00000246549	Transcript	3_prime_UTR_variant	1562	-	-	-	-	-	MODIFIER	-	1	-	FFAR2	HGNC	4501	-	ENSP00000246549
ffar2_g37_59966799	19:35942178	G	ENSG00000126262	ENST00000599180	Transcript	3_prime_UTR_variant	1642	-	-	-	-	-	MODIFIER	-	1	-	FFAR2	HGNC	4501	YES	ENSP00000473159
ffar2_g37_59966799	19:35942178	G	ENSG00000126262	ENST00000601590	Transcript	non_coding_transcript_exon_variant	140	-	-	-	-	-	MODIFIER	-	1	-	FFAR2	HGNC	4501	-	-
ffar2_g37_59966800	19:35942241	G	ENSG00000126262	ENST00000246549	Transcript	3_prime_UTR_variant	1625	-	-	-	-	-	MODIFIER	-	1	-	FFAR2	HGNC	4501	-	ENSP00000246549
ffar2_g37_59966800	19:35942241	G	ENSG00000126262	ENST00000599180	Transcript	3_prime_UTR_variant	1705	-	-	-	-	-	MODIFIER	-	1	-	FFAR2	HGNC	4501	YES	ENSP00000473159
ffar2_g37_59966800	19:35942241	G	ENSG00000126262	ENST00000601590	Transcript	non_coding_transcript_exon_variant	203	-	-	-	-	-	MODIFIER	-	1	-	FFAR2	HGNC	4501	-	-
ffar2_g37_59966801	19:35942259	C	ENSG00000126262	ENST00000246549	Transcript	3_prime_UTR_variant	1643	-	-	-	-	-	MODIFIER	-	1	-	FFAR2	HGNC	4501	-	ENSP00000246549
ffar2_g37_59966801	19:35942259	C	ENSG00000126262	ENST00000599180	Transcript	3_prime_UTR_variant	1723	-	-	-	-	-	MODIFIER	-	1	-	FFAR2	HGNC	4501	YES	ENSP00000473159
ffar2_g37_59966801	19:35942259	C	ENSG00000126262	ENST00000601590	Transcript	non_coding_transcript_exon_variant	221	-	-	-	-	-	MODIFIER	-	1	-	FFAR2	HGNC	4501	-	-
ffar2_g37_59966802	19:35942283	C	ENSG00000126262	ENST00000246549	Transcript	3_prime_UTR_variant	1667	-	-	-	-	-	MODIFIER	-	1	-	FFAR2	HGNC	4501	-	ENSP00000246549
ffar2_g37_59966802	19:35942283	C	ENSG00000126262	ENST00000599180	Transcript	3_prime_UTR_variant	1747	-	-	-	-	-	MODIFIER	-	1	-	FFAR2	HGNC	4501	YES	ENSP00000473159
ffar2_g37_59966802	19:35942283	C	ENSG00000126262	ENST00000601590	Transcript	non_coding_transcript_exon_variant	245	-	-	-	-	-	MODIFIER	-	1	-	FFAR2	HGNC	4501	-	-
ffar2_g37_59966803	19:35942291	G	ENSG00000126262	ENST00000246549	Transcript	3_prime_UTR_variant	1675	-	-	-	-	-	MODIFIER	-	1	-	FFAR2	HGNC	4501	-	ENSP00000246549
ffar2_g37_59966803	19:35942291	G	ENSG00000126262	ENST00000599180	Transcript	3_prime_UTR_variant	1755	-	-	-	-	-	MODIFIER	-	1	-	FFAR2	HGNC	4501	YES	ENSP00000473159
ffar2_g37_59966803	19:35942291	G	ENSG00000126262	ENST00000601590	Transcript	non_coding_transcript_exon_variant	253	-	-	-	-	-	MODIFIER	-	1	-	FFAR2	HGNC	4501	-	-
ffar2_g37_59966804	19:35942343	G	ENSG00000126262	ENST00000246549	Transcript	3_prime_UTR_variant	1727	-	-	-	-	-	MODIFIER	-	1	-	FFAR2	HGNC	4501	-	ENSP00000246549
ffar2_g37_59966804	19:35942343	G	ENSG00000126262	ENST00000599180	Transcript	3_prime_UTR_variant	1807	-	-	-	-	-	MODIFIER	-	1	-	FFAR2	HGNC	4501	YES	ENSP00000473159
ffar2_g37_59966804	19:35942343	G	ENSG00000126262	ENST00000601590	Transcript	non_coding_transcript_exon_variant	305	-	-	-	-	-	MODIFIER	-	1	-	FFAR2	HGNC	4501	-	-
ffar2_g37_59966805	19:35942348	C	ENSG00000126262	ENST00000246549	Transcript	3_prime_UTR_variant	1732	-	-	-	-	-	MODIFIER	-	1	-	FFAR2	HGNC	4501	-	ENSP00000246549
ffar2_g37_59966805	19:35942348	C	ENSG00000126262	ENST00000599180	Transcript	3_prime_UTR_variant	1812	-	-	-	-	-	MODIFIER	-	1	-	FFAR2	HGNC	4501	YES	ENSP00000473159
ffar2_g37_59966805	19:35942348	C	ENSG00000126262	ENST00000601590	Transcript	non_coding_transcript_exon_variant	310	-	-	-	-	-	MODIFIER	-	1	-	FFAR2	HGNC	4501	-	-
ffar2_g37_59966806	19:35942351	C	ENSG00000126262	ENST00000246549	Transcript	3_prime_UTR_variant	1735	-	-	-	-	-	MODIFIER	-	1	-	FFAR2	HGNC	4501	-	ENSP00000246549
ffar2_g37_59966806	19:35942351	C	ENSG00000126262	ENST00000599180	Transcript	3_prime_UTR_variant	1815	-	-	-	-	-	MODIFIER	-	1	-	FFAR2	HGNC	4501	YES	ENSP00000473159
ffar2_g37_59966806	19:35942351	C	ENSG00000126262	ENST00000601590	Transcript	non_coding_transcript_exon_variant	313	-	-	-	-	-	MODIFIER	-	1	-	FFAR2	HGNC	4501	-	-
ffar2_g37_59966807	19:35942387	C	ENSG00000126262	ENST00000246549	Transcript	3_prime_UTR_variant	1771	-	-	-	-	-	MODIFIER	-	1	-	FFAR2	HGNC	4501	-	ENSP00000246549
ffar2_g37_59966807	19:35942387	C	ENSG00000126262	ENST00000599180	Transcript	3_prime_UTR_variant	1851	-	-	-	-	-	MODIFIER	-	1	-	FFAR2	HGNC	4501	YES	ENSP00000473159
ffar2_g37_59966807	19:35942387	C	ENSG00000126262	ENST00000601590	Transcript	downstream_gene_variant	-	-	-	-	-	-	MODIFIER	29	1	-	FFAR2	HGNC	4501	-	-
ffar2_g37_59966808	19:35942399-35942427	-	ENSG00000126262	ENST00000246549	Transcript	3_prime_UTR_variant	1783-1811	-	-	-	-	-	MODIFIER	-	1	-	FFAR2	HGNC	4501	-	ENSP00000246549
ffar2_g37_59966808	19:35942399-35942427	-	ENSG00000126262	ENST00000599180	Transcript	3_prime_UTR_variant	1863-1891	-	-	-	-	-	MODIFIER	-	1	-	FFAR2	HGNC	4501	YES	ENSP00000473159
ffar2_g37_59966808	19:35942399-35942427	-	ENSG00000126262	ENST00000601590	Transcript	downstream_gene_variant	-	-	-	-	-	-	MODIFIER	41	1	-	FFAR2	HGNC	4501	-	-
ffar2_g37_59966809	19:35942406	G	ENSG00000126262	ENST00000246549	Transcript	3_prime_UTR_variant	1790	-	-	-	-	-	MODIFIER	-	1	-	FFAR2	HGNC	4501	-	ENSP00000246549
ffar2_g37_59966809	19:35942406	G	ENSG00000126262	ENST00000599180	Transcript	3_prime_UTR_variant	1870	-	-	-	-	-	MODIFIER	-	1	-	FFAR2	HGNC	4501	YES	ENSP00000473159
ffar2_g37_59966809	19:35942406	G	ENSG00000126262	ENST00000601590	Transcript	downstream_gene_variant	-	-	-	-	-	-	MODIFIER	48	1	-	FFAR2	HGNC	4501	-	-
ffar2_g37_59966810	19:35942428	T	ENSG00000126262	ENST00000246549	Transcript	3_prime_UTR_variant	1812	-	-	-	-	-	MODIFIER	-	1	-	FFAR2	HGNC	4501	-	ENSP00000246549
ffar2_g37_59966810	19:35942428	T	ENSG00000126262	ENST00000599180	Transcript	3_prime_UTR_variant	1892	-	-	-	-	-	MODIFIER	-	1	-	FFAR2	HGNC	4501	YES	ENSP00000473159
ffar2_g37_59966810	19:35942428	T	ENSG00000126262	ENST00000601590	Transcript	downstream_gene_variant	-	-	-	-	-	-	MODIFIER	70	1	-	FFAR2	HGNC	4501	-	-
ffar2_g37_59966811	19:35942437	C	ENSG00000126262	ENST00000246549	Transcript	3_prime_UTR_variant	1821	-	-	-	-	-	MODIFIER	-	1	-	FFAR2	HGNC	4501	-	ENSP00000246549
ffar2_g37_59966811	19:35942437	C	ENSG00000126262	ENST00000599180	Transcript	3_prime_UTR_variant	1901	-	-	-	-	-	MODIFIER	-	1	-	FFAR2	HGNC	4501	YES	ENSP00000473159
ffar2_g37_59966811	19:35942437	C	ENSG00000126262	ENST00000601590	Transcript	downstream_gene_variant	-	-	-	-	-	-	MODIFIER	79	1	-	FFAR2	HGNC	4501	-	-
ffar2_g37_59966812	19:35942470	C	ENSG00000126262	ENST00000246549	Transcript	3_prime_UTR_variant	1854	-	-	-	-	-	MODIFIER	-	1	-	FFAR2	HGNC	4501	-	ENSP00000246549
ffar2_g37_59966812	19:35942470	C	ENSG00000126262	ENST00000599180	Transcript	3_prime_UTR_variant	1934	-	-	-	-	-	MODIFIER	-	1	-	FFAR2	HGNC	4501	YES	ENSP00000473159
ffar2_g37_59966812	19:35942470	C	ENSG00000126262	ENST00000601590	Transcript	downstream_gene_variant	-	-	-	-	-	-	MODIFIER	112	1	-	FFAR2	HGNC	4501	-	-
ffar2_g37_59966813	19:35942471	G	ENSG00000126262	ENST00000246549	Transcript	3_prime_UTR_variant	1855	-	-	-	-	-	MODIFIER	-	1	-	FFAR2	HGNC	4501	-	ENSP00000246549
ffar2_g37_59966813	19:35942471	G	ENSG00000126262	ENST00000599180	Transcript	3_prime_UTR_variant	1935	-	-	-	-	-	MODIFIER	-	1	-	FFAR2	HGNC	4501	YES	ENSP00000473159
ffar2_g37_59966813	19:35942471	G	ENSG00000126262	ENST00000601590	Transcript	downstream_gene_variant	-	-	-	-	-	-	MODIFIER	113	1	-	FFAR2	HGNC	4501	-	-
ffar2_g37_59966814	19:35942494	C	ENSG00000126262	ENST00000246549	Transcript	3_prime_UTR_variant	1878	-	-	-	-	-	MODIFIER	-	1	-	FFAR2	HGNC	4501	-	ENSP00000246549
ffar2_g37_59966814	19:35942494	C	ENSG00000126262	ENST00000599180	Transcript	3_prime_UTR_variant	1958	-	-	-	-	-	MODIFIER	-	1	-	FFAR2	HGNC	4501	YES	ENSP00000473159
ffar2_g37_59966814	19:35942494	C	ENSG00000126262	ENST00000601590	Transcript	downstream_gene_variant	-	-	-	-	-	-	MODIFIER	136	1	-	FFAR2	HGNC	4501	-	-
ffar2_g37_59966815	19:35942517	G	ENSG00000126262	ENST00000246549	Transcript	3_prime_UTR_variant	1901	-	-	-	-	-	MODIFIER	-	1	-	FFAR2	HGNC	4501	-	ENSP00000246549
ffar2_g37_59966815	19:35942517	G	ENSG00000126262	ENST00000599180	Transcript	3_prime_UTR_variant	1981	-	-	-	-	-	MODIFIER	-	1	-	FFAR2	HGNC	4501	YES	ENSP00000473159
ffar2_g37_59966815	19:35942517	G	ENSG00000126262	ENST00000601590	Transcript	downstream_gene_variant	-	-	-	-	-	-	MODIFIER	159	1	-	FFAR2	HGNC	4501	-	-
ffar2_g37_59966816	19:35942555	G	ENSG00000126262	ENST00000246549	Transcript	3_prime_UTR_variant	1939	-	-	-	-	-	MODIFIER	-	1	-	FFAR2	HGNC	4501	-	ENSP00000246549
ffar2_g37_59966816	19:35942555	G	ENSG00000126262	ENST00000599180	Transcript	3_prime_UTR_variant	2019	-	-	-	-	-	MODIFIER	-	1	-	FFAR2	HGNC	4501	YES	ENSP00000473159
ffar2_g37_59966816	19:35942555	G	ENSG00000126262	ENST00000601590	Transcript	downstream_gene_variant	-	-	-	-	-	-	MODIFIER	197	1	-	FFAR2	HGNC	4501	-	-
ffar2_g37_59966817	19:35942574	G	ENSG00000126262	ENST00000246549	Transcript	3_prime_UTR_variant	1958	-	-	-	-	-	MODIFIER	-	1	-	FFAR2	HGNC	4501	-	ENSP00000246549
ffar2_g37_59966817	19:35942574	G	ENSG00000126262	ENST00000599180	Transcript	3_prime_UTR_variant	2038	-	-	-	-	-	MODIFIER	-	1	-	FFAR2	HGNC	4501	YES	ENSP00000473159
ffar2_g37_59966817	19:35942574	G	ENSG00000126262	ENST00000601590	Transcript	downstream_gene_variant	-	-	-	-	-	-	MODIFIER	216	1	-	FFAR2	HGNC	4501	-	-
ffar2_g37_59966818	19:35942579	C	ENSG00000126262	ENST00000246549	Transcript	3_prime_UTR_variant	1963	-	-	-	-	-	MODIFIER	-	1	-	FFAR2	HGNC	4501	-	ENSP00000246549
ffar2_g37_59966818	19:35942579	C	ENSG00000126262	ENST00000599180	Transcript	3_prime_UTR_variant	2043	-	-	-	-	-	MODIFIER	-	1	-	FFAR2	HGNC	4501	YES	ENSP00000473159
ffar2_g37_59966818	19:35942579	C	ENSG00000126262	ENST00000601590	Transcript	downstream_gene_variant	-	-	-	-	-	-	MODIFIER	221	1	-	FFAR2	HGNC	4501	-	-
ffar2_g37_59966819	19:35942633	G	ENSG00000126262	ENST00000246549	Transcript	3_prime_UTR_variant	2017	-	-	-	-	-	MODIFIER	-	1	-	FFAR2	HGNC	4501	-	ENSP00000246549
ffar2_g37_59966819	19:35942633	G	ENSG00000126262	ENST00000599180	Transcript	3_prime_UTR_variant	2097	-	-	-	-	-	MODIFIER	-	1	-	FFAR2	HGNC	4501	YES	ENSP00000473159
ffar2_g37_59966819	19:35942633	G	ENSG00000126262	ENST00000601590	Transcript	downstream_gene_variant	-	-	-	-	-	-	MODIFIER	275	1	-	FFAR2	HGNC	4501	-	-
ffar2_g37_59966820	19:35942638	G	ENSG00000126262	ENST00000246549	Transcript	3_prime_UTR_variant	2022	-	-	-	-	-	MODIFIER	-	1	-	FFAR2	HGNC	4501	-	ENSP00000246549
ffar2_g37_59966820	19:35942638	G	ENSG00000126262	ENST00000599180	Transcript	3_prime_UTR_variant	2102	-	-	-	-	-	MODIFIER	-	1	-	FFAR2	HGNC	4501	YES	ENSP00000473159
ffar2_g37_59966820	19:35942638	G	ENSG00000126262	ENST00000601590	Transcript	downstream_gene_variant	-	-	-	-	-	-	MODIFIER	280	1	-	FFAR2	HGNC	4501	-	-
ffar2_g37_59966821	19:35942645	C	ENSG00000126262	ENST00000246549	Transcript	3_prime_UTR_variant	2029	-	-	-	-	-	MODIFIER	-	1	-	FFAR2	HGNC	4501	-	ENSP00000246549
ffar2_g37_59966821	19:35942645	C	ENSG00000126262	ENST00000599180	Transcript	3_prime_UTR_variant	2109	-	-	-	-	-	MODIFIER	-	1	-	FFAR2	HGNC	4501	YES	ENSP00000473159
ffar2_g37_59966821	19:35942645	C	ENSG00000126262	ENST00000601590	Transcript	downstream_gene_variant	-	-	-	-	-	-	MODIFIER	287	1	-	FFAR2	HGNC	4501	-	-
